1745405803139 0.6552452970240832 0
1745405803228 0.5902067501752414 1
1745405803321 0.5324021277401931 2
1745405803412 0.4800756203652389 3
1745405803500 0.43751424455523064 4
1745405803585 0.39929409437686736 5
1745405803684 0.365764900328849 6
1745405803776 0.33714930381389746 7
1745405803875 0.3101118600985862 8
1745405803963 0.2863397842097596 9
1745405804058 0.2699067285885091 10
1745405804143 0.25178966565429683 11
1745405804229 0.2365701154103364 12
1745405804317 0.2221103603952226 13
1745405804402 0.20994770123601872 14
1745405804483 0.2000860410745015 15
1745405804563 0.1907740353126348 16
1745405804653 0.1826011378266664 17
1745405804734 0.1739715593560362 18
1745405804842 0.16835879860012257 19
1745405804915 0.16322858611215116 20
1745405804991 0.15753348239076911 21
1745405805084 0.152429685820959 22
1745405805162 0.14823272356359798 23
1745405805249 0.14424298441418096 24
1745405805320 0.14056962044712473 25
1745405805394 0.13658387929857319 26
1745405805479 0.13396031954245996 27
1745405805555 0.1304692392910254 28
1745405805632 0.12791487176675326 29
1745405805704 0.12595012085068477 30
1745405805774 0.12400656787828357 31
1745405805851 0.122254524251745 32
1745405805932 0.1195509743408228 33
1745405806002 0.11836695169270085 34
1745405806092 0.11638584725807012 35
1745405806164 0.11482592101298131 36
1745405806231 0.11364032329448207 37
1745405806319 0.11213525636827176 38
1745405806384 0.11116485632886793 39
1745405806464 0.11021823958440717 40
1745405806532 0.10930548989040743 41
1745405806601 0.10839350034503482 42
1745405806668 0.10747844830694414 43
1745405806743 0.10610137362514546 44
1745405806827 0.10462232628658784 45
1745405806906 0.10334461001431153 46
1745405806982 0.10278641751208391 47
1745405807067 0.10171347397800373 48
1745405807146 0.10080527878423157 49
1745405807217 0.1002449084994044 50
1745405807277 0.09961991168346927 51
1745405807356 0.09897013154932893 52
1745405807430 0.09826505940896824 53
1745405807500 0.09730787595730532 54
1745405807581 0.09651971074068752 55
1745405807661 0.09561584607684605 56
1745405807730 0.095174557067469 57
1745405807796 0.09427550092073758 58
1745405807879 0.09364092710679678 59
1745405807964 0.09319697560398077 60
1745405808040 0.09284852743505649 61
1745405808121 0.09159401596495576 62
1745405808191 0.09118040506528442 63
1745405808262 0.09053012579491256 64
1745405808335 0.090007823990394 65
1745405808401 0.08956852385974215 66
1745405808473 0.08891419292224255 67
1745405808554 0.08819927766614179 68
1745405808623 0.08766892595240691 69
1745405808697 0.08705058809991649 70
1745405808764 0.08665584507159044 71
1745405808848 0.08620439288357847 72
1745405808933 0.0857307213843294 73
1745405809004 0.08536309611452549 74
1745405809083 0.08502401541240796 75
1745405809167 0.08435650241578167 76
1745405809243 0.08391917952342662 77
1745405809320 0.08304438149289574 78
1745405809387 0.08239648492582753 79
1745405809466 0.0819307931930782 80
1745405809546 0.08143973223824387 81
1745405809623 0.08075106235998179 82
1745405809699 0.08027295708171803 83
1745405809773 0.07981917564874161 84
1745405809863 0.07930946016158545 85
1745405809940 0.07843934337130964 86
1745405810014 0.07812831921066248 87
1745405810097 0.07763848974840225 88
1745405810168 0.0772741352005933 89
1745405810242 0.07711321845144044 90
1745405810318 0.07667110145072788 91
1745405810379 0.07636717594944507 92
1745405810448 0.07613982935355457 93
1745405810526 0.07585525230066628 94
1745405810603 0.07537204519426173 95
1745405810679 0.07486390565691318 96
1745405810737 0.07448181918729684 97
1745405810810 0.07402638381238727 98
1745405810883 0.07365913373826381 99
1745405810960 0.07331158242143813 100
1745405811030 0.07307691212718752 101
1745405811111 0.0727207139562525 102
1745405811171 0.07241743963639612 103
1745405811261 0.07196841423308674 104
1745405811332 0.07170013547954507 105
1745405811406 0.07115650484222658 106
1745405811471 0.0709296265230847 107
1745405811540 0.07055085709772405 108
1745405811615 0.07024875923457151 109
1745405811689 0.06984348146182809 110
1745405811750 0.06946703368910308 111
1745405811826 0.0688760522587205 112
1745405811900 0.06857390177230682 113
1745405811975 0.06831393155067092 114
1745405812052 0.06808869442321212 115
1745405812131 0.0676719256330639 116
1745405812201 0.06739169066323099 117
1745405812272 0.06711978860914633 118
1745405812348 0.06683088418917284 119
1745405812418 0.06654400131100396 120
1745405812496 0.06624133177401292 121
1745405812570 0.06587521081381163 122
1745405812656 0.06542922543579151 123
1745405812733 0.0652499351212865 124
1745405812812 0.0650082505033841 125
1745405812890 0.06457058236848305 126
1745405812966 0.06424669781585844 127
1745405813030 0.06404994498572224 128
1745405813124 0.06348072409966284 129
1745405813202 0.06318538981450175 130
1745405813278 0.06272422520194636 131
1745405813351 0.06234928190397419 132
1745405813422 0.06214451509943046 133
1745405813481 0.06187945441896125 134
1745405813562 0.06149281571978568 135
1745405813632 0.06132260821451014 136
1745405813722 0.06102612125053838 137
1745405813791 0.06090799705105202 138
1745405813866 0.06063547150956671 139
1745405813936 0.06045154723202347 140
1745405814012 0.0602177596636438 141
1745405814086 0.06005957992270926 142
1745405814149 0.0598830890243631 143
1745405814216 0.05966923694530148 144
1745405814289 0.05929188906109372 145
1745405814359 0.0589081396479205 146
1745405814427 0.05857930377234648 147
1745405814497 0.05832612318609846 148
1745405814565 0.05815405826258224 149
1745405814629 0.05807910104170402 150
1745405814693 0.05776780216471557 151
1745405814751 0.05757992857264511 152
1745405814814 0.05744200067034898 153
1745405814890 0.05715520168687404 154
1745405814966 0.05696056845750103 155
1745405815029 0.05676117620040456 156
1745405815108 0.05654872244473201 157
1745405815171 0.05633613555786227 158
1745405815239 0.0560387521290464 159
1745405815305 0.05586799873550478 160
1745405815378 0.05564635261318812 161
1745405815443 0.05535935039200442 162
1745405815511 0.05513558130428028 163
1745405815579 0.05495566494658832 164
1745405815655 0.0545439939117115 165
1745405815726 0.0544505097743081 166
1745405815809 0.05418303211400465 167
1745405815891 0.05402910549685698 168
1745405815956 0.05364951349063789 169
1745405816017 0.05352958320068273 170
1745405816094 0.05336765177282921 171
1745405816165 0.05322179432112825 172
1745405816234 0.05288996846204209 173
1745405816320 0.05252412877217871 174
1745405816387 0.05235164680984861 175
1745405816455 0.05215390898093756 176
1745405816524 0.05196489053422565 177
1745405816592 0.05190548475269081 178
1745405816674 0.05174037082637301 179
1745405816736 0.05160448925423102 180
1745405816801 0.05153039371676061 181
1745405816882 0.05125674749205597 182
1745405816941 0.0510881673971757 183
1745405817001 0.05097086554380022 184
1745405817075 0.05077419770356022 185
1745405817131 0.05072499503875224 186
1745405817199 0.05060979714096238 187
1745405817266 0.05042651847413523 188
1745405817335 0.05025953766579905 189
1745405817413 0.0500526315982841 190
1745405817488 0.04993363974782151 191
1745405817564 0.0497046160663829 192
1745405817630 0.04966238286933648 193
1745405817696 0.04948180338789652 194
1745405817771 0.04929843976928661 195
1745405817840 0.04909425593350453 196
1745405817910 0.04890994325855838 197
1745405817971 0.04866412462723511 198
1745405818028 0.04859288293411657 199
1745405818094 0.04851466062556223 200
1745405818167 0.048349810209402 201
1745405818244 0.04802886196489364 202
1745405818316 0.04780615613083021 203
1745405818382 0.04760278969529043 204
1745405818447 0.04740991188285634 205
1745405818515 0.04724958108503581 206
1745405818586 0.04713783449098843 207
1745405818662 0.04688824777993597 208
1745405818725 0.04678079439544072 209
1745405818796 0.046522371488167 210
1745405818872 0.04636425416750929 211
1745405818946 0.04603356927612339 212
1745405819013 0.0459166641297617 213
1745405819124 0.04574929429748095 214
1745405819194 0.04555870493280351 215
1745405819257 0.04544526249331774 216
1745405819331 0.04516446763936315 217
1745405819400 0.04485641310341897 218
1745405819470 0.04479409790347676 219
1745405819533 0.04471176486221234 220
1745405819599 0.04460321205458067 221
1745405819664 0.04444160873457111 222
1745405819722 0.04439535379509141 223
1745405819806 0.04412756956798757 224
1745405819887 0.04392756440111559 225
1745405819962 0.04377383238570232 226
1745405820039 0.04364090369893384 227
1745405820113 0.0434482950688782 228
1745405820189 0.04322589717887605 229
1745405820252 0.04310306908690262 230
1745405820303 0.04297884935293474 231
1745405820386 0.04272919816381008 232
1745405820447 0.04246460922754937 233
1745405820524 0.04223195409520947 234
1745405820589 0.04213483763368337 235
1745405820650 0.04202675347134664 236
1745405820724 0.04187644200452623 237
1745405820782 0.04175147865636575 238
1745405820849 0.04162331727360082 239
1745405820923 0.04149746235198808 240
1745405820977 0.04140720175000718 241
1745405821040 0.04131190507190021 242
1745405821115 0.04125357366141406 243
1745405821177 0.04114355542432284 244
1745405821250 0.04105292809264598 245
1745405821333 0.04079630146436132 246
1745405821395 0.04072285759213524 247
1745405821456 0.04062796963475281 248
1745405821537 0.04049186701083501 249
1745405821603 0.04032242397429737 250
1745405821675 0.04021489527805258 251
1745405821754 0.03999762660084826 252
1745405821829 0.03979305481150431 253
1745405821901 0.0395465389490238 254
1745405821979 0.03940755083131457 255
1745405822061 0.03918908179284604 256
1745405822141 0.03890053891765734 257
1745405822213 0.03872882537675483 258
1745405822286 0.03850945379772506 259
1745405822357 0.03838161745412469 260
1745405822428 0.03816978223521419 261
1745405822506 0.03806603682487553 262
1745405822581 0.03786875694967364 263
1745405822649 0.03775908826779139 264
1745405822718 0.0375726531657997 265
1745405822791 0.03746920491470987 266
1745405822866 0.03731450153861427 267
1745405822935 0.03722774187656781 268
1745405822997 0.03705091045221073 269
1745405823068 0.03694385142725784 270
1745405823127 0.03687536725656698 271
1745405823189 0.03681207976810542 272
1745405823254 0.03669420224923456 273
1745405823327 0.0365139971066684 274
1745405823387 0.03643215673240822 275
1745405823451 0.03634861050841823 276
1745405823512 0.03628143733083767 277
1745405823581 0.03614988749589575 278
1745405823657 0.0359088325314284 279
1745405823719 0.03582807410375321 280
1745405823775 0.03577899060457156 281
1745405823843 0.03566313466432316 282
1745405823915 0.03549881371592849 283
1745405823989 0.03538616154590837 284
1745405824075 0.03521441824777059 285
1745405824134 0.03515769296627323 286
1745405824202 0.03509696706447516 287
1745405824275 0.03489227750982939 288
1745405824341 0.03489326191988588 289
1745405824409 0.03482991475214704 290
1745405824486 0.03456803829170827 291
1745405824560 0.03443936722970378 292
1745405824626 0.0343954615410005 293
1745405824702 0.03435568799784126 294
1745405824773 0.03426206619316737 295
1745405824839 0.0341905947720121 296
1745405824907 0.03402803988571859 297
1745405824989 0.03386395863298975 298
1745405825064 0.03382102394497094 299
1745405825126 0.03373698513018238 300
1745405825201 0.03367947327533993 301
1745405825265 0.03359442227605763 302
1745405825331 0.03347148063526293 303
1745405825405 0.03332062458295699 304
1745405825469 0.03326131377562451 305
1745405825536 0.03316996613580635 306
1745405825611 0.03300994411361364 307
1745405825673 0.03293708396243358 308
1745405825741 0.03286457615626323 309
1745405825815 0.03274763510067192 310
1745405825882 0.0326662337492693 311
1745405825960 0.03255709322688541 312
1745405826040 0.03241695027403059 313
1745405826118 0.03232980551520786 314
1745405826178 0.03225127902607973 315
1745405826239 0.03219768480553902 316
1745405826316 0.03212755663765972 317
1745405826370 0.03204703863006092 318
1745405826444 0.03195110966257687 319
1745405826465 0.03435568799784126 320
