1745405696910 0.6239871536114602 0
1745405696965 0.5125466939887359 1
1745405697017 0.42962074829786845 2
1745405697076 0.3703715237660062 3
1745405697131 0.3312103382033316 4
1745405697182 0.3028501565864362 5
1745405697232 0.2821683356712511 6
1745405697280 0.2657057373544462 7
1745405697325 0.25298949970097095 8
1745405697375 0.24129777550836096 9
1745405697419 0.23161979490822762 10
1745405697459 0.22667813183456892 11
1745405697516 0.21826208814773004 12
1745405697563 0.2119964894878651 13
1745405697611 0.2084619965707822 14
1745405697654 0.20250174934196485 15
1745405697704 0.19579408841341028 16
1745405697738 0.19456894157267346 17
1745405697780 0.19144356597444182 18
1745405697833 0.18649908227511108 19
1745405697886 0.18432335515674472 20
1745405697936 0.18118773253742193 21
1745405697987 0.17595192482462127 22
1745405698032 0.17413232382721083 23
1745405698076 0.1724089251881103 24
1745405698119 0.17134413188655762 25
1745405698168 0.1698143793441689 26
1745405698210 0.1674248234429172 27
1745405698246 0.16566090909575068 28
1745405698287 0.16388358846540613 29
1745405698329 0.1616114856067362 30
1745405698374 0.16001598248824797 31
1745405698419 0.15831002294808924 32
1745405698464 0.15546156504297123 33
1745405698510 0.15518123582017504 34
1745405698551 0.154106417556658 35
1745405698603 0.15134078382252406 36
1745405698652 0.15043874308356556 37
1745405698697 0.1491946447719331 38
1745405698746 0.14808478175549017 39
1745405698791 0.14714714261868292 40
1745405698836 0.14655356620978 41
1745405698880 0.14551662336711915 42
1745405698927 0.14482514911702474 43
1745405698983 0.14344480053498118 44
1745405699023 0.14250049680407875 45
1745405699074 0.14082951451517434 46
1745405699122 0.14002328807130449 47
1745405699173 0.1380835396637484 48
1745405699216 0.13708541722562298 49
1745405699256 0.1362199883845003 50
1745405699301 0.1358147661805457 51
1745405699347 0.13504815326764436 52
1745405699398 0.13395922121946308 53
1745405699439 0.1335866067768031 54
1745405699493 0.13284314600034028 55
1745405699536 0.13219996076626503 56
1745405699581 0.1318106643260984 57
1745405699625 0.13117586281185684 58
1745405699668 0.13030918083951637 59
1745405699703 0.12985382297147494 60
1745405699748 0.1293434595498851 61
1745405699787 0.12882121245840233 62
1745405699831 0.1279511292929555 63
1745405699871 0.12736568871592385 64
1745405699921 0.1267713820424138 65
1745405699960 0.12595087598985358 66
1745405700009 0.1252831672639665 67
1745405700062 0.1245461968143386 68
1745405700108 0.1241313030627399 69
1745405700157 0.12368748758032472 70
1745405700192 0.12343734830416 71
1745405700232 0.12318292572124996 72
1745405700268 0.12290708357477866 73
1745405700305 0.12250182948225628 74
1745405700354 0.1217418933270422 75
1745405700396 0.12070657361426168 76
1745405700442 0.12015250518881734 77
1745405700484 0.12003434064167565 78
1745405700526 0.11956085815127032 79
1745405700568 0.119050659153531 80
1745405700612 0.11836632032226813 81
1745405700656 0.11751314753812943 82
1745405700696 0.1171703608685664 83
1745405700744 0.11624254333307425 84
1745405700790 0.1154077291228658 85
1745405700832 0.11519568861571668 86
1745405700871 0.11499889248398155 87
1745405700919 0.11479275916743155 88
1745405700960 0.11460273108935332 89
1745405701008 0.1137825765832472 90
1745405701055 0.11313714115575065 91
1745405701099 0.11307346344022634 92
1745405701149 0.11259992106430022 93
1745405701183 0.11235746658221597 94
1745405701250 0.11187685881066832 95
1745405701297 0.11165603347408135 96
1745405701332 0.11124600991778533 97
1745405701375 0.1110212870168466 98
1745405701418 0.11056869713256674 99
1745405701456 0.10967639278910339 100
1745405701503 0.1094361483839363 101
1745405701552 0.10873564493495438 102
1745405701603 0.10758666243815602 103
1745405701645 0.10727216491996848 104
1745405701681 0.1069333268874684 105
1745405701724 0.10627771298539967 106
1745405701760 0.10588554806906814 107
1745405701800 0.10574397464458739 108
1745405701842 0.10490349766692186 109
1745405701883 0.10442157051251653 110
1745405701934 0.10375349352606107 111
1745405701982 0.10317066192863912 112
1745405702024 0.10305792617447221 113
1745405702063 0.10265187739157727 114
1745405702108 0.10249056197571105 115
1745405702153 0.10202290270443193 116
1745405702196 0.10173850009657746 117
1745405702242 0.10113754298942948 118
1745405702291 0.10056460937406571 119
1745405702328 0.10040434808185703 120
1745405702365 0.10018668772276434 121
1745405702406 0.09989052156734697 122
1745405702454 0.09942581652293457 123
1745405702499 0.09893663726202429 124
1745405702544 0.0982878562837614 125
1745405702593 0.09785254368480671 126
1745405702635 0.09752750911588137 127
1745405702675 0.09741091690208172 128
1745405702723 0.09696381181213881 129
1745405702767 0.0968032384960735 130
1745405702812 0.09660250146839308 131
1745405702860 0.09628362268116258 132
1745405702900 0.09612206112979269 133
1745405702945 0.09533566574787576 134
1745405702989 0.0951822201237987 135
1745405703027 0.09491441047498977 136
1745405703068 0.09483169804672696 137
1745405703112 0.09449910821998352 138
1745405703151 0.09408908511076314 139
1745405703194 0.09373569878170167 140
1745405703233 0.09349036604064621 141
1745405703275 0.09331576654639198 142
1745405703309 0.09325452157291854 143
1745405703352 0.09283795186657072 144
1745405703394 0.09228820790281797 145
1745405703431 0.09220143899200622 146
1745405703467 0.09209431255654275 147
1745405703510 0.09179782171586816 148
1745405703552 0.09149188589432018 149
1745405703599 0.09117985017767165 150
1745405703641 0.09065430597662781 151
1745405703679 0.09055654260871887 152
1745405703728 0.0900835705474662 153
1745405703776 0.0896616413904788 154
1745405703818 0.08964964803762128 155
1745405703861 0.089436649992529 156
1745405703895 0.08927417923070172 157
1745405703935 0.08935980980616814 158
1745405703982 0.0889485025148868 159
1745405704026 0.08879798445002958 160
1745405704072 0.08845733806738532 161
1745405704111 0.08818630159855817 162
1745405704156 0.08782598250411158 163
1745405704196 0.0875505238564779 164
1745405704237 0.08729507123249983 165
1745405704281 0.08709247640896879 166
1745405704320 0.08698475232459416 167
1745405704367 0.08686694390227218 168
1745405704411 0.08646360885467987 169
1745405704454 0.08618473856855904 170
1745405704502 0.08567688314814709 171
1745405704537 0.08554852161436799 172
1745405704579 0.08536918882601663 173
1745405704645 0.08522000908187718 174
1745405704684 0.08487444412832933 175
1745405704720 0.08477086719556699 176
1745405704756 0.08454222928831415 177
1745405704802 0.08433547953884914 178
1745405704844 0.0841343723539608 179
1745405704879 0.08391066835591009 180
1745405704929 0.08350731879974133 181
1745405704979 0.08318292861525134 182
1745405705016 0.0829903572802042 183
1745405705060 0.08282706096651758 184
1745405705104 0.08254378261662278 185
1745405705143 0.08231603518565282 186
1745405705182 0.082089825766312 187
1745405705221 0.08195152183097337 188
1745405705256 0.08179025764864578 189
1745405705301 0.08141763994824286 190
1745405705337 0.08128526051501961 191
1745405705373 0.08117257834674498 192
1745405705410 0.08083921762701289 193
1745405705453 0.08073399101865936 194
1745405705494 0.08059262087165962 195
1745405705537 0.0801051810525768 196
1745405705577 0.08007892606629692 197
1745405705615 0.08001427770715135 198
1745405705663 0.0799479814488522 199
1745405705697 0.07991889587082203 200
1745405705734 0.07965563299584281 201
1745405705772 0.0794983440256331 202
1745405705815 0.07914589199827272 203
1745405705861 0.0788727694265427 204
1745405705901 0.07863386451749095 205
1745405705951 0.07837563760331333 206
1745405705997 0.0780360767599011 207
1745405706049 0.07770466508466725 208
1745405706086 0.07746214459689622 209
1745405706132 0.0770468647447974 210
1745405706177 0.07694510519659634 211
1745405706226 0.07679149030635382 212
1745405706278 0.07667020259929408 213
1745405706324 0.07648873966033733 214
1745405706366 0.07635410686884209 215
1745405706411 0.07624345386583503 216
1745405706447 0.07611587655727145 217
1745405706491 0.07570602956593674 218
1745405706531 0.07574236473277447 219
1745405706578 0.07557577199996646 220
1745405706622 0.07539071759624527 221
1745405706666 0.07529152956339379 222
1745405706711 0.07505839562466762 223
1745405706762 0.07475513482053163 224
1745405706804 0.07455554932939064 225
1745405706841 0.07444102720691832 226
1745405706885 0.07404133233304297 227
1745405706932 0.07373452565466673 228
1745405706973 0.07364154098928487 229
1745405707017 0.07343079667901882 230
1745405707068 0.07315141359130783 231
1745405707108 0.07306408002115074 232
1745405707154 0.07277353601045118 233
1745405707199 0.07273217682227744 234
1745405707241 0.0723587763457509 235
1745405707290 0.07208622390303937 236
1745405707327 0.07187754632220575 237
1745405707364 0.0716965725955027 238
1745405707405 0.07162861296988643 239
1745405707443 0.07156372275552005 240
1745405707491 0.07137091950406477 241
1745405707537 0.0711757612733145 242
1745405707576 0.07108565624164571 243
1745405707615 0.07093234670905779 244
1745405707653 0.07083794709819972 245
1745405707695 0.07073141864680683 246
1745405707739 0.07060767580473874 247
1745405707774 0.07047138584114467 248
1745405707828 0.07025584328184023 249
1745405707868 0.06995596411946008 250
1745405707915 0.06973804484598865 251
1745405707963 0.06967873292989267 252
1745405708007 0.06959734544447678 253
1745405708052 0.06943431602022325 254
1745405708097 0.06930047939208238 255
1745405708142 0.06912364331236909 256
1745405708185 0.06876996788229184 257
1745405708228 0.06876633898952383 258
1745405708278 0.06845762026512697 259
1745405708321 0.06842747284466597 260
1745405708362 0.06836851406294035 261
1745405708406 0.0681674577941572 262
1745405708420 0.07187754632220575 263
