1745404780182 0.617703111949613 0
1745404780312 0.5654124034093393 1
1745404780459 0.5174868301778625 2
1745404780589 0.4743508252920426 3
1745404780710 0.43651796991561254 4
1745404780871 0.40148538164926467 5
1745404781007 0.37006989493782666 6
1745404781139 0.3414176103859979 7
1745404781260 0.3155629316950867 8
1745404781391 0.2922959807450866 9
1745404781510 0.2719649183908379 10
1745404781643 0.2524629815859729 11
1745404781771 0.23500144489127617 12
1745404781905 0.21894804510541002 13
1745404782032 0.20452126963286665 14
1745404782156 0.19231956228151745 15
1745404782282 0.18095930335057242 16
1745404782405 0.17036225780848233 17
1745404782529 0.16069859941964834 18
1745404782640 0.15176105877133386 19
1745404782761 0.14344348317549266 20
1745404782890 0.13618369909367373 21
1745404783029 0.12878074437080056 22
1745404783166 0.12276092708568663 23
1745404783281 0.11713859320782115 24
1745404783387 0.11234210044501952 25
1745404783493 0.10763454874103126 26
1745404783641 0.10283703213903014 27
1745404783752 0.09898091660304882 28
1745404783864 0.09532647196530168 29
1745404783981 0.09200812905688545 30
1745404784448 0.08881752434351467 31
1745404788492 0.08582991824628385 32
1745404794264 0.0831337729312111 33
1745404795421 0.08043782756190249 34
1745404796033 0.0778877223259156 35
1745404796773 0.07576954467594829 36
1745404797855 0.0736300184677832 37
1745404801565 0.07156534162578682 38
1745404806224 0.06977158278962467 39
1745404808276 0.06804231818158657 40
1745404808464 0.0662367440204611 41
1745404808634 0.06447178619278089 42
1745404808741 0.06324799847144807 43
1745404808836 0.0620054038483154 44
1745404808987 0.06001132788913491 45
1745404809104 0.05883613949234729 46
1745404809257 0.05744942226112805 47
1745404809409 0.05611349408510376 48
1745404809502 0.05491464299107331 49
1745404809612 0.05403423090925508 50
1745404809721 0.0528764339626466 51
1745404809857 0.05170054081830879 52
1745404809998 0.05072583879821636 53
1745404810116 0.04953153736542874 54
1745404810204 0.04876204644525171 55
1745404810308 0.04775743941323391 56
1745404810397 0.04723513395189571 57
1745404810462 0.04692955437089851 58
1745404810567 0.04627489322366875 59
1745404810657 0.0456477677461576 60
1745404810743 0.04505361075072954 61
1745404810848 0.044468636111836 62
1745404810953 0.04374150014112116 63
1745404811070 0.04316357216895643 64
1745404811188 0.04228273382289365 65
1745404811297 0.04155198130360994 66
1745404811389 0.0409751741379732 67
1745404811472 0.04048181428260429 68
1745404811591 0.03971010585452962 69
1745404811677 0.03915314437838965 70
1745404811780 0.03862509486481368 71
1745404811883 0.03824071821796242 72
1745404811986 0.03767818518781589 73
1745404812093 0.03732794599361787 74
1745404812204 0.03676571592052166 75
1745404812319 0.03597962628697313 76
1745404812427 0.03542286963219705 77
1745404812512 0.03490750298017339 78
1745404812608 0.03455019215046485 79
1745404812711 0.03396048535037977 80
1745404812803 0.0335191695933033 81
1745404812889 0.0332264179173025 82
1745404812994 0.03279792061747275 83
1745404813108 0.0322362430039221 84
1745404813205 0.03184072924279971 85
1745404813286 0.03161477906844513 86
1745404813352 0.03144069362348389 87
1745404813490 0.03072803423762171 88
1745404813584 0.03033500368937433 89
1745404813708 0.02985847269400298 90
1745404813797 0.02957955186776657 91
1745404813888 0.02917567010320157 92
1745404813988 0.02884459909976327 93
1745404814080 0.02855365412330338 94
1745404814162 0.02819070445672362 95
1745404814252 0.02795422390160755 96
1745404814370 0.02752134627852131 97
1745404814459 0.02728260769044202 98
1745404814561 0.02691589781196098 99
1745404814636 0.02691589781196098 100
1745404820780 0.6407584101702591 0
1745404820847 0.6131880178536858 1
1745404820915 0.5865079801793183 2
1745404820978 0.5610261092584393 3
1745404821051 0.5381521777191928 4
1745404821117 0.5155430530166052 5
1745404821187 0.4945533032281104 6
1745404821253 0.47439219943623745 7
1745404821315 0.4557050740442111 8
1745404821379 0.43824597858105907 9
1745404821441 0.4229606544794469 10
1745404821507 0.4064348454671122 11
1745404821573 0.39080768811286304 12
1745404821634 0.37639227697567595 13
1745404821695 0.36278328277247973 14
1745404821759 0.351480613758855 15
1745404821820 0.3395125722764847 16
1745404821883 0.3275865247176117 17
1745404821946 0.3165902237753177 18
1745404822014 0.3066743004512232 19
1745404822078 0.2963186516425983 20
1745404822143 0.28668070287227904 21
1745404822205 0.2777206676289695 22
1745404822267 0.2692756526635023 23
1745404822329 0.2609418724122558 24
1745404822393 0.25314061710777497 25
1745404822455 0.24611668576635973 26
1745404822518 0.23923161527324546 27
1745404822594 0.23254015328564945 28
1745404822657 0.2263077741674718 29
1745404822720 0.22050628288440413 30
1745404822782 0.2150803117671621 31
1745404822843 0.20951545694854934 32
1745404822905 0.2043635242792107 33
1745404822967 0.19921455283309236 34
1745404823038 0.19440056322836397 35
1745404823100 0.1900761211223185 36
1745404823166 0.18574220262516375 37
1745404823231 0.1816286694254833 38
1745404823292 0.17810352711731536 39
1745404823351 0.17436316593333 40
1745404823415 0.1709466864613694 41
1745404823475 0.16748754921048226 42
1745404823535 0.1645178555473441 43
1745404823595 0.161571111667463 44
1745404823683 0.15859597880724702 45
1745404823743 0.1559432728016143 46
1745404823801 0.1534090559549483 47
1745404823858 0.15100414599906803 48
1745404823916 0.1482379082732495 49
1745404823979 0.14571173409166233 50
1745404824051 0.14327127107059892 51
1745404824113 0.1409041504439684 52
1745404824179 0.1389372542663506 53
1745404824239 0.13697554291097347 54
1745404824302 0.1348902287383604 55
1745404824359 0.1333380778925326 56
1745404824419 0.1316442922871992 57
1745404824483 0.12986042068513634 58
1745404824543 0.12820246850886055 59
1745404824606 0.12668933226627177 60
1745404824667 0.1252366946602674 61
1745404824726 0.12346681779174581 62
1745404824783 0.1219567787244628 63
1745404824835 0.12077452166421859 64
1745404824893 0.11928842753977205 65
1745404824948 0.11782363274583854 66
1745404825008 0.11667837561905134 67
1745404825061 0.11574813317019438 68
1745404825118 0.11414722692393335 69
1745404825180 0.11296403938219146 70
1745404825225 0.11221043858261626 71
1745404825276 0.1110615105534969 72
1745404825320 0.11028651848718529 73
1745404825376 0.10914178094714896 74
1745404825429 0.10814144141389533 75
1745404825487 0.10664963550095309 76
1745404825547 0.10539403389891139 77
1745404825603 0.10462420889622175 78
1745404825660 0.10357270732846179 79
1745404825713 0.10277367647013932 80
1745404825768 0.1016173227950945 81
1745404825819 0.10091107304886289 82
1745404825875 0.09981494297921042 83
1745404825931 0.09882768814173729 84
1745404825979 0.0982449527425462 85
1745404826044 0.09727596946997985 86
1745404826102 0.09663295150527855 87
1745404826157 0.0959446163043102 88
1745404826218 0.095195698210664 89
1745404826267 0.09451604351375176 90
1745404826314 0.09386105976515069 91
1745404826373 0.09298512221548909 92
1745404826423 0.09252213875519219 93
1745404826478 0.0919522428415203 94
1745404826538 0.09109937957700502 95
1745404826589 0.09066136828181073 96
1745404826645 0.09010069457370168 97
1745404826695 0.08966034089735515 98
1745404826739 0.0891358431944984 99
1745404826791 0.08868105372498485 100
1745404826847 0.08807354719744655 101
1745404826888 0.08774223928822168 102
1745404826945 0.0871943167951735 103
1745404826997 0.0868096065703271 104
1745404827060 0.08623565917155757 105
1745404827107 0.0859355888300708 106
1745404827157 0.08538930916509004 107
1745404827215 0.08496712065377113 108
1745404827266 0.08457036571130343 109
1745404827319 0.08419529873305094 110
1745404827364 0.08376917945993918 111
1745404827415 0.08336856721963616 112
1745404827471 0.08281741576231605 113
1745404827520 0.08252047327599069 114
1745404827597 0.08204385594261687 115
1745404827644 0.08173508484923848 116
1745404827692 0.08142912616290325 117
1745404827740 0.08106527688833018 118
1745404827795 0.08061281779507994 119
1745404827847 0.08019233072366341 120
1745404827888 0.07985080852054262 121
1745404827946 0.079280650335557 122
1745404827989 0.0790122132896344 123
1745404828051 0.07869152357520864 124
1745404828101 0.07839382461661844 125
1745404828154 0.0778391576292296 126
1745404828208 0.07750463847771616 127
1745404828255 0.07720679059497138 128
1745404828313 0.07660256214144365 129
1745404828357 0.07633163284737078 130
1745404828416 0.07592839488514445 131
1745404828474 0.07555648424976077 132
1745404828543 0.07516633671879701 133
1745404828610 0.07478078626771212 134
1745404828687 0.07443408691367083 135
1745404828734 0.0741836409687264 136
1745404828789 0.07386933977225667 137
1745404828842 0.07359289510524972 138
1745404828903 0.07321329502672992 139
1745404828952 0.07302907058497471 140
1745404828998 0.0727504315330217 141
1745404829056 0.07247805089221944 142
1745404829114 0.07208242412901382 143
1745404829164 0.07179096270485145 144
1745404829233 0.07147342740903617 145
1745404829279 0.07128606963531244 146
1745404829336 0.0709465462582165 147
1745404829391 0.0705065617789626 148
1745404829444 0.07022014489505092 149
1745404829495 0.06995672319316946 150
1745404829575 0.0696822248228628 151
1745404829635 0.06933527195893514 152
1745404829701 0.06906103231041746 153
1745404829755 0.06883383762810673 154
1745404829802 0.06856669298372126 155
1745404829855 0.06829464667156078 156
1745404829897 0.06811038026572618 157
1745404829955 0.06768005910694033 158
1745404830009 0.06747838156763204 159
1745404830069 0.06724691955998369 160
1745404830117 0.06696832455847151 161
1745404830164 0.06679545179241327 162
1745404830230 0.0665215917388776 163
1745404830287 0.06625435919618043 164
1745404830333 0.06611236131717278 165
1745404830386 0.06584546411934772 166
1745404830432 0.06566542047305227 167
1745404830480 0.0654383087525214 168
1745404830539 0.06513806693403158 169
1745404830589 0.06497164871699924 170
1745404830648 0.06460405123850256 171
1745404830701 0.06433717436802766 172
1745404830756 0.06406281174588752 173
1745404830803 0.06388923187553765 174
1745404830854 0.06370977036216614 175
1745404830911 0.06333118308498625 176
1745404830970 0.06309044187259859 177
1745404831021 0.06297867955767983 178
1745404831075 0.06270162273202766 179
1745404831128 0.06242126842676311 180
1745404831187 0.06200354796983772 181
1745404831247 0.06169848487388648 182
1745404831297 0.06146447159683346 183
1745404831348 0.06123116819331853 184
1745404831398 0.06102848353352275 185
1745404831452 0.06070072193397488 186
1745404831506 0.06045248047755469 187
1745404831553 0.06032288633670049 188
1745404831604 0.06008917596294777 189
1745404831660 0.05978812732624245 190
1745404831703 0.05964242067603363 191
1745404831757 0.05942035487786414 192
1745404831809 0.05919760980212107 193
1745404831881 0.05893048732542972 194
1745404831934 0.0586598453031119 195
1745404831979 0.05850659981573415 196
1745404832041 0.05822545864837583 197
1745404832088 0.05806787187202003 198
1745404832136 0.05785208926357399 199
1745404832153 0.05785208926357399 200
