1745403179060 0.6398503531628785 0
1745403179155 0.6032044434406783 1
1745403179325 0.5680590578038618 2
1745403179499 0.5355736258175716 3
1745403179685 0.5062767126142391 4
1745403179862 0.4779089689280498 5
1745403180077 0.4519130657643672 6
1745403180257 0.4270728460034574 7
1745403180430 0.40427563266217564 8
1745403180607 0.3832475768485216 9
1745403180786 0.36534089870013403 10
1745403180974 0.34627530957167035 11
1745403181156 0.32878619976092854 12
1745403181329 0.3122956143390525 13
1745403181508 0.2968135711849276 14
1745403181687 0.28406746460472554 15
1745403181865 0.2711671907119647 16
1745403182049 0.25870167550081924 17
1745403182226 0.24697113350503003 18
1745403182405 0.2368527111011929 19
1745403182585 0.22652109331053388 20
1745403182763 0.2165994079191904 21
1745403182952 0.20766391485650842 22
1745403183159 0.1995463019821093 23
1745403183346 0.19155210712976997 24
1745403183512 0.18441478060198271 25
1745403183663 0.17779532685814434 26
1745403183841 0.17143442613953455 27
1745403184011 0.16575584346191893 28
1745403184180 0.1600587549580677 29
1745403184343 0.1546996022454163 30
1745403184506 0.14999429131894418 31
1745403184673 0.1450549927523051 32
1745403184841 0.14087537364494315 33
1745403185037 0.1370402637354463 34
1745403185227 0.1329243936811622 35
1745403185382 0.12936679139426133 36
1745403185550 0.12579910750138684 37
1745403185729 0.12230112470083021 38
1745403185896 0.11940805851450077 39
1745403186069 0.1165174584680721 40
1745403186238 0.11386491208570439 41
1745403186410 0.11125437535011257 42
1745403186575 0.10914360311555965 43
1745403186727 0.10697215952583722 44
1745403186893 0.10491057317063233 45
1745403187065 0.10266551871058704 46
1745403187214 0.10093066383919926 47
1745403187363 0.09889593686646338 48
1745403187524 0.09713480263583862 49
1745403187659 0.09575624835388102 50
1745403187817 0.09380913817036028 51
1745403187978 0.09194151858800234 52
1745403188116 0.09051721312261798 53
1745403188273 0.08916293569589302 54
1745403188409 0.08757394654182689 55
1745403188546 0.08614233937741886 56
1745403188680 0.0850784586722569 57
1745403188827 0.0838175572300826 58
1745403188954 0.08286356411381399 59
1745403189090 0.08182372001971559 60
1745403189215 0.0810725710864206 61
1745403189364 0.08011245816069587 62
1745403189508 0.07926766790400562 63
1745403189632 0.07858997533465646 64
1745403189791 0.07722418633207741 65
1745403189956 0.07637814417200169 66
1745403190116 0.07520540900390214 67
1745403190262 0.07461113637378619 68
1745403190407 0.07353643683896806 69
1745403190562 0.07240280133069357 70
1745403190710 0.07140120795556262 71
1745403190852 0.07050382789014124 72
1745403190978 0.07003629106159391 73
1745403191137 0.06950260645744932 74
1745403191265 0.06899256011714916 75
1745403191425 0.06801142954716279 76
1745403191566 0.06734460038805366 77
1745403191699 0.06668869704309592 78
1745403191845 0.06610795212693071 79
1745403191996 0.06551807283979573 80
1745403192148 0.06482197170297971 81
1745403192306 0.06408241020333398 82
1745403192435 0.0634647414098013 83
1745403192575 0.06301272421284611 84
1745403192737 0.06238399649593014 85
1745403192884 0.0616665339701316 86
1745403193023 0.06119949251334483 87
1745403193186 0.0606065353968791 88
1745403193357 0.06008204047215487 89
1745403193509 0.05958062360079996 90
1745403193658 0.0591050868600393 91
1745403193823 0.05858239570188535 92
1745403193952 0.05821355801411529 93
1745403194112 0.05770654453089118 94
1745403194269 0.05724424024446164 95
1745403194388 0.05702141646137024 96
1745403194491 0.05682333025115322 97
1745403194620 0.05654129254788729 98
1745403194752 0.05616170722363654 99
1745403194892 0.05577022422559647 100
1745403195054 0.05542611153215121 101
1745403195219 0.05500893095188017 102
1745403195359 0.05457579265118927 103
1745403195513 0.05419967862551842 104
1745403195663 0.05388623356558477 105
1745403195778 0.05367110465960555 106
1745403195914 0.05341845036614054 107
1745403196036 0.05316646785379245 108
1745403196184 0.05289230148086469 109
1745403196328 0.05252732543073208 110
1745403196482 0.05218467156004455 111
1745403196623 0.05183844954710626 112
1745403196772 0.05146050288203409 113
1745403196925 0.05103255171763581 114
1745403197076 0.0507964221784233 115
1745403197198 0.05042890011372823 116
1745403197337 0.05015781695045811 117
1745403197465 0.04985815774781412 118
1745403197588 0.04963282760985451 119
1745403197733 0.04931427965668484 120
1745403197872 0.04904663583547605 121
1745403198018 0.04871729149464593 122
1745403198167 0.04831243349438058 123
1745403198297 0.04804529389437697 124
1745403198448 0.04773744068260936 125
1745403198583 0.04749789017112095 126
1745403198739 0.04710671648363244 127
1745403198889 0.04668264805874477 128
1745403199037 0.04631243627258878 129
1745403199166 0.04606328409751399 130
1745403199315 0.04571787973006979 131
1745403199436 0.04552922941560348 132
1745403199523 0.04541937729260462 133
1745403199640 0.04515590793271359 134
1745403199777 0.04477319380035837 135
1745403199896 0.04461562158560588 136
1745403200050 0.04436864707684815 137
1745403200165 0.04417849371118384 138
1745403200304 0.04393056652730991 139
1745403200431 0.04372203935127195 140
1745403200569 0.04338534972053654 141
1745403200706 0.04313329231419173 142
1745403200865 0.04278747533399629 143
1745403201016 0.04247742642822815 144
1745403201121 0.04234506029597932 145
1745403201267 0.04208216584212879 146
1745403201417 0.04173711111468901 147
1745403201561 0.04144947613198272 148
1745403201716 0.04116168700052839 149
1745403201841 0.04102628566926248 150
1745403201981 0.04078590949027455 151
1745403202149 0.04046826984496411 152
1745403202269 0.04029247161768599 153
1745403202400 0.04004969265750011 154
1745403202553 0.03978263923550845 155
1745403202708 0.03947920213805887 156
1745403202858 0.03930352559060549 157
1745403202997 0.03906657642999894 158
1745403203119 0.0389084545837944 159
1745403203261 0.03874689016106375 160
1745403203416 0.03848517811751295 161
1745403203587 0.03832435275938904 162
1745403203718 0.03809352873375458 163
1745403203860 0.03787251786303906 164
1745403203982 0.0377288369872998 165
1745403204146 0.03747982059968794 166
1745403204279 0.03732700935362348 167
1745403204435 0.03702847657199072 168
1745403204544 0.03691431196351535 169
1745403204675 0.0367372422283998 170
1745403204828 0.0364230491553871 171
1745403204963 0.03630379576464551 172
1745403205116 0.03610969700650859 173
1745403205286 0.03582641593737484 174
1745403205434 0.03564117870125127 175
1745403205581 0.03541755805509224 176
1745403205691 0.03532480241433052 177
1745403205832 0.03512532287024595 178
1745403206014 0.03490960714787338 179
1745403206164 0.0347058678036134 180
1745403206336 0.0344667739326953 181
1745403206451 0.0343411699517472 182
1745403206613 0.03410720110487618 183
1745403206758 0.0339076606350595 184
1745403206873 0.03380761420409013 185
1745403207007 0.03358622273218354 186
1745403207119 0.03350880000312188 187
1745403207221 0.03344263871889573 188
1745403207377 0.03327362272664157 189
1745403207516 0.03308388656578295 190
1745403207615 0.03299678580800919 191
1745403207747 0.03279586609938158 192
1745403207904 0.0326174664751069 193
1745403208048 0.03242780381723302 194
1745403208221 0.03217616003365344 195
1745403208348 0.03203080452712187 196
1745403208485 0.03182664678804443 197
1745403208616 0.03169918733026341 198
1745403208720 0.03162613669476515 199
1745403208834 0.03151264349246685 200
1745403208977 0.03132697278619256 201
1745403209117 0.0312045040606612 202
1745403209238 0.03107656140551576 203
1745403209362 0.03093817004870068 204
1745403209485 0.03083297206182275 205
1745403209627 0.03067156055976634 206
1745403209774 0.03049210090677035 207
1745403209893 0.03038262287596581 208
1745403210015 0.03027606948666964 209
1745403210149 0.03012571803382859 210
1745403210285 0.02998826600058783 211
1745403210428 0.02985998900926964 212
1745403210542 0.02976849101985261 213
1745403210676 0.0296031470561641 214
1745403210809 0.02948159282090695 215
1745403210964 0.02932959090246848 216
1745403211108 0.0291960734183059 217
1745403211202 0.0291048317993288 218
1745403211322 0.02900118661660354 219
1745403211471 0.02881671496250725 220
1745403211610 0.0286855711706064 221
1745403211734 0.02856575416356186 222
1745403211887 0.02837431120509153 223
1745403212074 0.02811862878194935 224
1745403212217 0.02799123594944219 225
1745403212349 0.02786861182574617 226
1745403212464 0.02777974746424383 227
1745403212612 0.02760420682257568 228
1745403212750 0.02744168995665179 229
1745403212901 0.02726849479053262 230
1745403213042 0.02711324073168376 231
1745403213145 0.02704755586806152 232
1745403213273 0.02692586182781317 233
1745403213401 0.02681402604516675 234
1745403213516 0.02672875937842402 235
1745403213640 0.02665458248379392 236
1745403213777 0.02657584281469919 237
1745403213911 0.02644813088758245 238
1745403214021 0.02637787370872264 239
1745403214138 0.02629069425646019 240
1745403214258 0.02622203795340634 241
1745403214407 0.02605740762280653 242
1745403214570 0.0259150200226972 243
1745403214678 0.0258279550562251 244
1745403214817 0.02567935557179245 245
1745403214934 0.02561724939194881 246
1745403215088 0.02549533555436592 247
1745403215230 0.02539151268452535 248
1745403215352 0.02529964934555887 249
1745403215511 0.02512796817723707 250
1745403215677 0.0249410428017316 251
1745403215801 0.02483777793318852 252
1745403215922 0.02475284552619901 253
1745403216041 0.02468384254684439 254
1745403216165 0.02460121436837154 255
1745403216287 0.02447921667349014 256
1745403216427 0.02435617736080867 257
1745403216588 0.02417483325018602 258
1745403216753 0.02400394447902804 259
1745403216905 0.0238671219699662 260
1745403217041 0.02375208455315866 261
1745403217178 0.02364316793106998 262
1745403217318 0.0235296127037903 263
1745403217436 0.02346659084391402 264
1745403217530 0.02341153573794397 265
1745403217645 0.02334170202041721 266
1745403217773 0.02324248599330148 267
1745403217883 0.02315242950738958 268
1745403218023 0.02303640329213214 269
1745403218150 0.02293876482445541 270
1745403218269 0.02286630781135897 271
1745403218416 0.02274746363983982 272
1745403218557 0.02260288797099199 273
1745403218692 0.02245872912219659 274
1745403218815 0.02239723456866187 275
1745403218904 0.0223588162185503 276
1745403219044 0.02225501869720546 277
1745403219186 0.02214617164357857 278
1745403219337 0.02201956690636337 279
1745403219454 0.02196396808628553 280
1745403219555 0.02190012835858619 281
1745403219678 0.02181293928860545 282
1745403219840 0.02167021805979131 283
1745403220010 0.02155061414631656 284
1745403220163 0.02142714408622455 285
1745403220267 0.02137965249198856 286
1745403220373 0.02131309997860839 287
1745403220510 0.02123647339157171 288
1745403220663 0.02112539210082583 289
1745403220794 0.02102104737992247 290
1745403220939 0.02092062408494971 291
1745403221084 0.02082194137715659 292
1745403221212 0.02074944659984482 293
1745403221338 0.02067614889983109 294
1745403221487 0.02054970344762314 295
1745403221615 0.0204526019104897 296
1745403221778 0.02029611957175405 297
1745403221894 0.02022926062849689 298
1745403222023 0.02016602552430716 299
1745403222174 0.02007362610364967 300
1745403222297 0.01996780628254758 301
1745403222415 0.01990389704962217 302
1745403222522 0.01985887203143315 303
1745403222665 0.01975148196545422 304
1745403222817 0.01963609302175276 305
1745403222957 0.01954647386659606 306
1745403223075 0.0194733537974224 307
1745403223216 0.01936849974883166 308
1745403223333 0.01930373250711812 309
1745403223459 0.01923262599744948 310
1745403223613 0.01912982899790602 311
1745403223732 0.01905888439570648 312
1745403223895 0.01897883125488267 313
1745403224061 0.01889478696533707 314
1745403224194 0.01885582502399345 315
1745403224385 0.01874617995457712 316
1745403224525 0.01866574127260737 317
1745403224647 0.01859276737367517 318
1745403224795 0.01851976439500934 319
1745403224952 0.01842018257527082 320
1745403225089 0.01834880702920062 321
1745403225182 0.0183200414401247 322
1745403225334 0.01820982072213039 323
1745403225419 0.01818584033304879 324
1745403225542 0.01811933790037439 325
1745403225647 0.01808384241148526 326
1745403225784 0.01802809344603798 327
1745403225879 0.01798366947039802 328
1745403226031 0.01791092392150684 329
1745403226141 0.01786702329349594 330
1745403226280 0.01778607836620616 331
1745403226404 0.0177367352782218 332
1745403226551 0.01764687873014439 333
1745403226687 0.0175576275425164 334
1745403226824 0.01747392247787633 335
1745403226965 0.01738706318638183 336
1745403227127 0.01730104251878861 337
1745403227245 0.01721890741508025 338
1745403227388 0.01713850895963582 339
1745403227542 0.01706020791764168 340
1745403227651 0.01701099557600456 341
1745403227768 0.01695057686643127 342
1745403227895 0.01688431057734153 343
1745403228018 0.01684130456807156 344
1745403228154 0.01675719695542638 345
1745403228284 0.01668140058095716 346
1745403228430 0.0165860537862064 347
1745403228546 0.01654526219689062 348
1745403228680 0.01648246149946856 349
1745403228820 0.0164028051286847 350
1745403228964 0.01632079740168542 351
1745403229130 0.01622839485982652 352
1745403229258 0.01615633536495557 353
1745403229375 0.01609729557162035 354
1745403229475 0.01607390418261292 355
1745403229585 0.01602919906515693 356
1745403229715 0.01595598719676474 357
1745403229840 0.01588309260482435 358
1745403229980 0.01583501111721905 359
1745403230093 0.0157901363320665 360
1745403230225 0.01571372460264948 361
1745403230367 0.01564662471717099 362
1745403230509 0.01558988881451382 363
1745403230668 0.01548908667625338 364
1745403230806 0.01541208398903559 365
1745403230953 0.01534482587463818 366
1745403231083 0.01528643542897052 367
1745403231198 0.01524260277017123 368
1745403231364 0.0151409181960094 369
1745403231491 0.0150867802267187 370
1745403231641 0.01501597006136418 371
1745403231781 0.01493505623883198 372
1745403231877 0.01490858452084538 373
1745403232031 0.01484439254644849 374
1745403232195 0.0147567434577086 375
1745403232337 0.01467144933587063 376
1745403232446 0.01464658590695045 377
1745403232603 0.01457587167723592 378
1745403232753 0.01449667838209526 379
1745403232883 0.0144374574436019 380
1745403232990 0.01440018807706176 381
1745403233140 0.01433295290686066 382
1745403233285 0.01425968198040896 383
1745403233422 0.01418395669118099 384
1745403233543 0.01414695685362753 385
1745403233684 0.01407381920536995 386
1745403233857 0.01397083411625234 387
1745403234008 0.01389247523322221 388
1745403234154 0.01386272044239931 389
1745403234255 0.0138236867507891 390
1745403234382 0.0137623125719702 391
1745403234524 0.01370741847651676 392
1745403234616 0.01367778290467609 393
1745403234732 0.01363782964306063 394
1745403234870 0.01358445195874373 395
1745403235024 0.01353312061043205 396
1745403235134 0.01349501025084491 397
1745403235263 0.01344287273229585 398
1745403235418 0.01336740317749206 399
1745403235614 0.01328714557549513 400
1745403235708 0.01325989976385599 401
1745403235811 0.01323555721079146 402
1745403235940 0.01318679599575914 403
1745403236077 0.01313959677807051 404
1745403236183 0.01310615592794446 405
1745403236299 0.01307297286635156 406
1745403236416 0.01304570352923484 407
1745403236537 0.01300070794611102 408
1745403236662 0.0129491497491446 409
1745403236800 0.01289456536520124 410
1745403236947 0.01283160105868839 411
1745403237085 0.01278750555629935 412
1745403237198 0.01273531555343196 413
1745403237339 0.01268050552922239 414
1745403237481 0.01262063202692292 415
1745403237632 0.01255506934107458 416
1745403237769 0.01249074930025445 417
1745403237890 0.01243899342169391 418
1745403238009 0.01241318195303912 419
1745403238150 0.01234354730538828 420
1745403238287 0.01228443538194572 421
1745403238422 0.01222305253772188 422
1745403238576 0.01216195317469232 423
1745403238712 0.01211083305161016 424
1745403238867 0.01204203951450432 425
1745403239019 0.01198281391836638 426
1745403239124 0.01195902361270246 427
1745403239266 0.01190893923112172 428
1745403239361 0.01187942115193507 429
1745403239472 0.01185296576957643 430
1745403239596 0.0118166487785753 431
1745403239741 0.01176017634415813 432
1745403239844 0.0117341625090503 433
1745403239987 0.0116735198851836 434
1745403240094 0.01164924648946085 435
1745403240213 0.01160028112657142 436
1745403240347 0.01156021894648458 437
1745403240493 0.01150806935088021 438
1745403240624 0.01147995698602851 439
1745403240754 0.01144649936824724 440
1745403240882 0.01141693366682289 441
1745403240991 0.01137824421773103 442
1745403241127 0.01133549831328151 443
1745403241209 0.01132225377833128 444
1745403241334 0.01129400051058833 445
1745403241487 0.01122884298560581 446
1745403241627 0.01117746186748949 447
1745403241761 0.0111257803047945 448
1745403241892 0.0110783780224671 449
1745403242017 0.01104281474058607 450
1745403242144 0.01099216005220118 451
1745403242293 0.01093188752865008 452
1745403242449 0.01088258735363271 453
1745403242575 0.01084783799284117 454
1745403242718 0.01080255904190312 455
1745403242851 0.01075669600399927 456
1745403242956 0.01073593657306179 457
1745403243107 0.01069649810976067 458
1745403243215 0.01066688522586072 459
1745403243342 0.0106284860270464 460
1745403243479 0.0105798344857187 461
1745403243613 0.01053963912228189 462
1745403243732 0.01050143144094869 463
1745403243875 0.01044933425434863 464
1745403243979 0.01042854075519023 465
1745403244078 0.01040546006440081 466
1745403244207 0.0103657445345767 467
1745403244335 0.01034450300573982 468
1745403244453 0.01031483263738107 469
1745403244589 0.01027264070636672 470
1745403244696 0.01024058107806594 471
1745403244818 0.01019035534382394 472
1745403244951 0.01015335693559614 473
1745403245108 0.01009365046067827 474
1745403245232 0.0100593008067738 475
1745403245348 0.01003446520347399 476
1745403245492 0.00998830557264513 477
1745403245638 0.00993873942041127 478
1745403245786 0.0099066650102709 479
1745403245915 0.00987151137246651 480
1745403246050 0.00984416339555584 481
1745403246187 0.00981151089834451 482
1745403246275 0.00979825812072202 483
1745403246400 0.00977062257450583 484
1745403246516 0.00973239899176643 485
1745403246666 0.0096988673107193 486
1745403246792 0.00965679750421931 487
1745403246924 0.00962108833608182 488
1745403247042 0.00960268924831999 489
1745403247161 0.00957443133749206 490
1745403247277 0.00955018792936957 491
1745403247394 0.00951678454220729 492
1745403247530 0.00946547544607342 493
1745403247668 0.00943192727936129 494
1745403247805 0.00938850948845089 495
1745403247939 0.00933916759333719 496
1745403248097 0.00927844118852352 497
1745403248235 0.00923892212711694 498
1745403248360 0.00921214114835036 499
1745403248427 0.00938850948845089 500
