1745405262357 0.579348674149087 0
1745405262529 0.49586241480138804 1
1745405262734 0.4254332959101898 2
1745405262946 0.3666845977039518 3
1745405263125 0.31913351514702387 4
1745405263317 0.2797031514276226 5
1745405263493 0.24700875289749702 6
1745405263675 0.2196297180315815 7
1745405263862 0.1982277958141146 8
1745405264044 0.18004610643487598 9
1745405264203 0.16297470190186064 10
1745405264383 0.14947752904115602 11
1745405264548 0.13827994851203293 12
1745405264732 0.12765031571541358 13
1745405264904 0.11969907837308359 14
1745405265058 0.11306547580602312 15
1745405265198 0.10813525596649634 16
1745405265357 0.10274845046614986 17
1745405265510 0.0990149221209701 18
1745405265671 0.09519423252932446 19
1745405265803 0.09164186684042161 20
1745405265925 0.08877302077688887 21
1745405266080 0.0862115439025139 22
1745405266238 0.08407429773394677 23
1745405266376 0.08153642895631545 24
1745405266515 0.07932122349849878 25
1745405266668 0.07683867067216421 26
1745405266826 0.07559690268042007 27
1745405266946 0.07418408329361076 28
1745405267083 0.07338720548863116 29
1745405267213 0.07207227937890691 30
1745405267331 0.07085267260172516 31
1745405267469 0.06969150689707442 32
1745405267626 0.06827794930027495 33
1745405267759 0.06745641965705254 34
1745405267912 0.06626374502415486 35
1745405268045 0.06533983798767959 36
1745405268166 0.06459063867619169 37
1745405268302 0.06346770761771313 38
1745405268428 0.06279208375400175 39
1745405268570 0.06196981611839011 40
1745405268722 0.06100241408915484 41
1745405268848 0.06040962787819477 42
1745405268987 0.05952504247900149 43
1745405269150 0.05829911146835065 44
1745405269303 0.05735607969590611 45
1745405269447 0.05663221000752568 46
1745405269586 0.05567304624418777 47
1745405269715 0.05494995639619613 48
1745405269864 0.05402104954554977 49
1745405269984 0.0535110724725478 50
1745405270151 0.05236558269143547 51
1745405270302 0.05162051123199538 52
1745405270463 0.05068985050667658 53
1745405270608 0.04962945741102084 54
1745405270756 0.04907598434619363 55
1745405270911 0.04805483401490768 56
1745405271008 0.04768222417412355 57
1745405271121 0.04733609257208692 58
1745405271265 0.04681888253310527 59
1745405271411 0.04631285860471142 60
1745405271548 0.04591849778777234 61
1745405271682 0.04539788849081796 62
1745405271783 0.04505791218269595 63
1745405271916 0.04442308739798566 64
1745405272055 0.04385789339300395 65
1745405272177 0.04338586581982173 66
1745405272309 0.04271875003875114 67
1745405272454 0.04224617676477378 68
1745405272579 0.04173614272397103 69
1745405272701 0.0409938694908439 70
1745405272820 0.04077295118904492 71
1745405272925 0.04045419741828749 72
1745405273070 0.04020768362782538 73
1745405273203 0.03976349758582173 74
1745405273332 0.03931058777594103 75
1745405273492 0.03837934780466455 76
1745405273637 0.03781953439378653 77
1745405273763 0.03733555769607243 78
1745405273880 0.03712817902202908 79
1745405274017 0.03672123194383865 80
1745405274143 0.03623556897142673 81
1745405274268 0.03584585670561589 82
1745405274398 0.03533877655737027 83
1745405274502 0.03507591748626734 84
1745405274610 0.03490667739713262 85
1745405274744 0.03460168452933445 86
1745405274872 0.03424305004359222 87
1745405275001 0.03385952889557348 88
1745405275100 0.03373689406229624 89
1745405275210 0.03363163584216176 90
1745405275346 0.03330060660799773 91
1745405275456 0.0330493206306593 92
1745405275571 0.03287963849234602 93
1745405275716 0.03234273015382293 94
1745405275858 0.0319125981908281 95
1745405276015 0.03148198709542751 96
1745405276133 0.0312542442554655 97
1745405276273 0.03094688456236325 98
1745405276386 0.03040985430531676 99
1745405276511 0.03007356652630907 100
1745405276644 0.02983158800550087 101
1745405276758 0.02949106507751218 102
1745405276861 0.0293620244785927 103
1745405276986 0.02917559189597458 104
1745405277107 0.02896848918583672 105
1745405277252 0.0286590029989887 106
1745405277370 0.02840611055701395 107
1745405277479 0.02823883851265349 108
1745405277610 0.02802344578940797 109
1745405277741 0.02778176533172099 110
1745405277874 0.02739365363924213 111
1745405278041 0.0270208401095652 112
1745405278161 0.02676345701952103 113
1745405278327 0.02647427684655938 114
1745405278443 0.02630517468695804 115
1745405278565 0.02604768912994048 116
1745405278682 0.02584659416586188 117
1745405278803 0.02567826166191899 118
1745405278935 0.02545373763042386 119
1745405279095 0.02519342699165009 120
1745405279200 0.02499958302033657 121
1745405279329 0.02473408211473377 122
1745405279473 0.02444889328725395 123
1745405279586 0.02427863402163415 124
1745405279725 0.02407119476287672 125
1745405279867 0.02381705312616243 126
1745405279997 0.02357329370847173 127
1745405280155 0.02342182726048673 128
1745405280304 0.02312221438494813 129
1745405280458 0.02284109670096711 130
1745405280594 0.0226626291759894 131
1745405280691 0.02255442588913252 132
1745405280814 0.02228727230415147 133
1745405280965 0.02203597968472538 134
1745405280991 0.02802344578940797 135
