1745403916159 0.6534261184094001 0
1745403916238 0.6326613030837234 1
1745403916336 0.6119555084093694 2
1745403916431 0.5922226307604079 3
1745403916528 0.5740726779977487 4
1745403916625 0.5559374506072389 5
1745403916718 0.5393577935790094 6
1745403916817 0.522759809202808 7
1745403916908 0.5071686161762404 8
1745403917008 0.49228395332382485 9
1745403917132 0.4804045506322538 10
1745403917234 0.4661879447190451 11
1745403917328 0.45265379591258514 12
1745403917424 0.4394081675926728 13
1745403917517 0.4267196076025217 14
1745403917611 0.4168819675422814 15
1745403917705 0.40577495799845326 16
1745403917801 0.3947373526098488 17
1745403917905 0.3842157793519647 18
1745403917999 0.37557653614616837 19
1745403918101 0.36567106760200746 20
1745403918193 0.3561587233450271 21
1745403918296 0.34728917071646065 22
1745403918387 0.33866951649920385 23
1745403918483 0.3301322670525562 24
1745403918577 0.32242231478008704 25
1745403918670 0.3158885710708442 26
1745403918762 0.3087354445978938 27
1745403918859 0.3018314754880507 28
1745403918949 0.2951592287742776 29
1745403919049 0.28851681085572983 30
1745403919138 0.28233783897494275 31
1745403919235 0.2763946050800667 32
1745403919322 0.27066453473616764 33
1745403919416 0.2653237835333822 34
1745403919510 0.25974828669270783 35
1745403919600 0.25472599507283394 36
1745403919713 0.24964635929439166 37
1745403919810 0.2448043841353763 38
1745403919905 0.24031640645897676 39
1745403920008 0.23603888772609385 40
1745403920102 0.23177133864878152 41
1745403920195 0.227852504317649 42
1745403920292 0.22426879687903745 43
1745403920382 0.2205335255476099 44
1745403920478 0.2170012156057439 45
1745403920570 0.21376704741990893 46
1745403920658 0.21026999370397803 47
1745403920751 0.20683747904410277 48
1745403920844 0.20366697150134086 49
1745403920933 0.20058971625195113 50
1745403921027 0.1978228834001785 51
1745403921114 0.19523843188297538 52
1745403921205 0.19238514471899665 53
1745403921301 0.18978502823491983 54
1745403921390 0.18693245500020275 55
1745403921479 0.1845002167233072 56
1745403921568 0.1823093132897934 57
1745403921659 0.17989520333558773 58
1745403921738 0.17766705184674608 59
1745403921828 0.17527524914358011 60
1745403921915 0.173273920386328 61
1745403922010 0.17133279115180378 62
1745403922100 0.16963939146583898 63
1745403922181 0.16774109055244843 64
1745403922279 0.16585167357235817 65
1745403922366 0.16421223368856355 66
1745403922455 0.16229572435182765 67
1745403922536 0.16082674080402184 68
1745403922618 0.15937107251267943 69
1745403922699 0.15789589077615226 70
1745403922787 0.15631996152165675 71
1745403922871 0.15495609567952962 72
1745403922949 0.15359170373379286 73
1745403923038 0.15222669253445342 74
1745403923116 0.15107448442968713 75
1745403923200 0.149440317117002 76
1745403923290 0.1483345500339394 77
1745403923377 0.14701806207696091 78
1745403923458 0.14599662778757047 79
1745403923543 0.1446631574466395 80
1745403923624 0.143322781704482 81
1745403923714 0.1419619154406134 82
1745403923801 0.14065205071257597 83
1745403923894 0.13947791214433153 84
1745403923980 0.1386970602963638 85
1745403924075 0.13752227913589135 86
1745403924161 0.1364595746084342 87
1745403924241 0.13529837061337704 88
1745403924334 0.13398852378086798 89
1745403924415 0.13288105233907344 90
1745403924500 0.13209559615567162 91
1745403924584 0.13134401435150325 92
1745403924658 0.130654054828283 93
1745403924742 0.12937421237244592 94
1745403924830 0.128171143871531 95
1745403924913 0.12730100709939812 96
1745403924991 0.12668004864757387 97
1745403925079 0.12584171306693745 98
1745403925148 0.12516197779329108 99
1745403925232 0.12414605550059189 100
1745403925325 0.12308946322336575 101
1745403925404 0.12222815245734449 102
1745403925483 0.12165115525263945 103
1745403925569 0.1211653480937607 104
1745403925642 0.12042190301125084 105
1745403925751 0.11951959371084626 106
1745403925833 0.11896712938574647 107
1745403925910 0.11841441099711733 108
1745403925995 0.11754855327179504 109
1745403926073 0.11718040731525776 110
1745403926164 0.11641678624500325 111
1745403926246 0.11561664557580856 112
1745403926324 0.11494922121369322 113
1745403926415 0.11418232494396233 114
1745403926494 0.1137732532417996 115
1745403926576 0.11338585369362682 116
1745403926656 0.11298199616907542 117
1745403926733 0.1126054587405187 118
1745403926807 0.11202860579676573 119
1745403926887 0.11165009065691675 120
1745403926970 0.11119272961498644 121
1745403927056 0.11049919995179787 122
1745403927134 0.11007347407222651 123
1745403927216 0.10967871688825792 124
1745403927304 0.10901932558711477 125
1745403927385 0.10861761137176987 126
1745403927469 0.108265012979027 127
1745403927553 0.10765813684227345 128
1745403927631 0.1072990800078239 129
1745403927709 0.10694932809963482 130
1745403927790 0.10660550545397247 131
1745403927861 0.1063082958609901 132
1745403927927 0.10595627068099403 133
1745403928013 0.10550072986927729 134
1745403928097 0.10496023951592985 135
1745403928182 0.10461736802508387 136
1745403928259 0.10436086106836132 137
1745403928347 0.10400822432400018 138
1745403928423 0.10371218778225373 139
1745403928513 0.10346008209574546 140
1745403928593 0.10308906676726098 141
1745403928674 0.1027924114126453 142
1745403928750 0.10242270982092862 143
1745403928828 0.10214622363937598 144
1745403928899 0.10189675168604881 145
1745403928978 0.10165956255502298 146
1745403929054 0.10143582665941593 147
1745403929128 0.10104860059672718 148
1745403929205 0.10077532394320965 149
1745403929280 0.10045906133254699 150
1745403929358 0.10024647286251416 151
1745403929421 0.09993987304589048 152
1745403929499 0.09960747111014467 153
1745403929587 0.09907734265409386 154
1745403929674 0.09862912094869355 155
1745403929732 0.09844473694208143 156
1745403929800 0.09821864553939566 157
1745403929884 0.09791958279410083 158
1745403929959 0.09765220123089557 159
1745403930052 0.09745728720185509 160
1745403930138 0.09702239102882496 161
1745403930211 0.09677773553982139 162
1745403930292 0.09647413577825108 163
1745403930381 0.09624320889437134 164
1745403930442 0.09606728916858247 165
1745403930526 0.09581965026303976 166
1745403930603 0.09559383892002632 167
1745403930687 0.09521318715714544 168
1745403930765 0.09500258263486656 169
1745403930844 0.09472471324941993 170
1745403930922 0.09444972309873079 171
1745403931009 0.0941619298811802 172
1745403931076 0.09398540585356852 173
1745403931159 0.09361806459936069 174
1745403931240 0.09325192643497189 175
1745403931317 0.09291168588997237 176
1745403931403 0.09260836076614416 177
1745403931477 0.0923377200831853 178
1745403931556 0.09215174532251473 179
1745403931637 0.09184560044947596 180
1745403931717 0.09157390359920363 181
1745403931804 0.09137216871930683 182
1745403931892 0.09112412032207381 183
1745403931964 0.09094442568557136 184
1745403932050 0.09070400023975315 185
1745403932128 0.09046775405476018 186
1745403932201 0.09031038457788167 187
1745403932265 0.09015673155517677 188
1745403932343 0.08999833102651862 189
1745403932422 0.0896939105139376 190
1745403932504 0.08954741265908701 191
1745403932579 0.08930134636118436 192
1745403932646 0.08912760446375698 193
1745403932729 0.08881929742458182 194
1745403932792 0.08866458310844516 195
1745403932869 0.08849927799304166 196
1745403932950 0.08832470644596119 197
1745403933035 0.08812832537835588 198
1745403933115 0.08787694989385962 199
1745403933133 0.08787694989385962 200
