1745405831538 0.6147917510354451 0
1745405831706 0.5118681959205897 1
1745405831892 0.4296315580185974 2
1745405832081 0.35963751681653305 3
1745405832249 0.30680961446625854 4
1745405832419 0.2626044605827778 5
1745405832603 0.22760348816160553 6
1745405832772 0.20066993735143335 7
1745405832939 0.17882596685724825 8
1745405833122 0.16249768145269458 9
1745405833264 0.14724431493547474 10
1745405833442 0.13446496561334112 11
1745405833598 0.12571321507487943 12
1745405833760 0.11733663122452608 13
1745405833910 0.11140764830923224 14
1745405834093 0.10624542681331267 15
1745405834216 0.10290260130743446 16
1745405834369 0.09776404196088637 17
1745405834514 0.0931817449590436 18
1745405834671 0.0905070941505505 19
1745405834822 0.0867767557224231 20
1745405834972 0.08441585815827218 21
1745405835150 0.08073600009016671 22
1745405835301 0.07789779820456555 23
1745405835425 0.07639481824720505 24
1745405835561 0.07413780226655545 25
1745405835713 0.07269996588727294 26
1745405835857 0.07139822645325455 27
1745405835996 0.07001776901656968 28
1745405836129 0.06918540719900844 29
1745405836281 0.06825784111707886 30
1745405836390 0.06750687737758095 31
1745405836516 0.06678661727357094 32
1745405836646 0.06597912930667883 33
1745405836778 0.06498150167675533 34
1745405836901 0.06416464514384629 35
1745405837059 0.06269651595553553 36
1745405837194 0.06155029816646436 37
1745405837320 0.06097759367210259 38
1745405837450 0.06026640108456157 39
1745405837616 0.05911140720621833 40
1745405837754 0.05827483008370608 41
1745405837899 0.05736599709018359 42
1745405838023 0.05631719288425407 43
1745405838204 0.05471869673008861 44
1745405838347 0.05400320036650149 45
1745405838462 0.05351757389501652 46
1745405838610 0.05214825424257197 47
1745405838756 0.05150599961686454 48
1745405838868 0.05090754842821001 49
1745405839024 0.05025997265061318 50
1745405839169 0.04953896352041714 51
1745405839326 0.04850554096100201 52
1745405839433 0.04805330509686829 53
1745405839564 0.0474689154576298 54
1745405839687 0.04652377906439552 55
1745405839834 0.04594911827403578 56
1745405839978 0.04520451722947073 57
1745405840127 0.04477427983202397 58
1745405840257 0.04427355238128643 59
1745405840388 0.04395192045882906 60
1745405840500 0.04359365283364672 61
1745405840659 0.04299361016058125 62
1745405840815 0.04243483935361906 63
1745405840912 0.04209337643326892 64
1745405841084 0.04122960406141601 65
1745405841222 0.04060234327639782 66
1745405841401 0.03966271713865156 67
1745405841513 0.03942321700051257 68
1745405841670 0.03883265507794333 69
1745405841802 0.03822397430290861 70
1745405841951 0.03778259681003723 71
1745405842099 0.03723624605195012 72
1745405842215 0.03683355594311047 73
1745405842324 0.03660509142301534 74
1745405842448 0.03623870998821323 75
1745405842601 0.03575316214037105 76
1745405842731 0.03542789291699605 77
1745405842807 0.03533667631515651 78
1745405842924 0.03511569762421909 79
1745405843076 0.03453361144569489 80
1745405843190 0.03430635946014206 81
1745405843313 0.03385689453841768 82
1745405843462 0.03335653756785862 83
1745405843555 0.03319591757140027 84
1745405843656 0.03299838959287734 85
1745405843800 0.03236431744391365 86
1745405843949 0.03175080616306614 87
1745405843973 0.04299361016058125 88
