1745405250305 0.646419789755214 0
1745405250358 0.6388522503525643 1
1745405250412 0.6318086971854613 2
1745405250463 0.6244846201315625 3
1745405250517 0.6174641158875512 4
1745405250568 0.6104217413798545 5
1745405250622 0.6036659822814746 6
1745405250679 0.5969054230795844 7
1745405250731 0.5903212164585452 8
1745405250783 0.5837320633336345 9
1745405250833 0.5790569264691656 10
1745405250886 0.572742285319844 11
1745405250938 0.5663997929640289 12
1745405250989 0.5602576962958422 13
1745405251046 0.5540803323118721 14
1745405251101 0.5496796068165896 15
1745405251154 0.5439738935962339 16
1745405251207 0.5381842654827915 17
1745405251273 0.5325169698828616 18
1745405251323 0.5282384979278627 19
1745405251373 0.5225963638623717 20
1745405251427 0.5171493110222991 21
1745405251480 0.5118488980807588 22
1745405251534 0.5066724271239585 23
1745405251587 0.5013627665120538 24
1745405251641 0.49630301117153736 25
1745405251699 0.4924668050469605 26
1745405251751 0.48743943655041755 27
1745405251800 0.4825642936958308 28
1745405251852 0.47788709510065935 29
1745405251901 0.47313395229701655 30
1745405251954 0.46843576865075215 31
1745405252008 0.46413123455409866 32
1745405252065 0.4597644438878459 33
1745405252117 0.45548925908884186 34
1745405252171 0.45089103802057656 35
1745405252222 0.44659313725013267 36
1745405252272 0.44221787259015144 37
1745405252326 0.43810664744517197 38
1745405252379 0.43411609241344434 39
1745405252442 0.4299663308466934 40
1745405252495 0.4260056920067697 41
1745405252549 0.4231033688068981 42
1745405252603 0.41949435184342765 43
1745405252658 0.41570367161998417 44
1745405252736 0.41199823925583573 45
1745405252799 0.4083183859137854 46
1745405252854 0.40466026443533626 47
1745405252908 0.40098844926990546 48
1745405252964 0.39821342292688156 49
1745405253018 0.3950565665370483 50
1745405253087 0.39146714091859613 51
1745405253139 0.388154910364306 52
1745405253192 0.3848721642257093 53
1745405253242 0.3825489807943966 54
1745405253293 0.3794898837345191 55
1745405253348 0.3761965959523154 56
1745405253400 0.3730604165138512 57
1745405253452 0.36987962374914807 58
1745405253504 0.36697024410144835 59
1745405253559 0.36388389138053534 60
1745405253611 0.3611498635387018 61
1745405253664 0.3583619515914882 62
1745405253723 0.35600753654804557 63
1745405253774 0.35318069740895053 64
1745405253829 0.3505288837866267 65
1745405253880 0.34824909169336654 66
1745405253932 0.3455542074965532 67
1745405253980 0.34288796186369735 68
1745405254040 0.3405129112289052 69
1745405254094 0.3379367539607154 70
1745405254145 0.33534884344355326 71
1745405254198 0.33274425591005624 72
1745405254252 0.33024800553249467 73
1745405254303 0.3280888772237796 74
1745405254353 0.3259880521959975 75
1745405254404 0.32377122198431885 76
1745405254454 0.3214403968312364 77
1745405254508 0.31929339164105697 78
1745405254559 0.3172513133975786 79
1745405254613 0.31530172699796905 80
1745405254664 0.3131753724022772 81
1745405254723 0.31119367083299787 82
1745405254775 0.309108813628057 83
1745405254823 0.30713414798766847 84
1745405254875 0.305507858337416 85
1745405254926 0.30357218118177304 86
1745405254975 0.301661844710757 87
1745405255029 0.2997105656034548 88
1745405255086 0.2979990676556681 89
1745405255141 0.2960733943878485 90
1745405255194 0.29448673136542686 91
1745405255247 0.29263036978644225 92
1745405255294 0.2910493625825592 93
1745405255346 0.2892708534567368 94
1745405255390 0.28753271864677155 95
1745405255438 0.28594109084935015 96
1745405255490 0.28454109971880787 97
1745405255541 0.2829120769227565 98
1745405255589 0.28142760609775663 99
1745405255642 0.2798163836890015 100
1745405255694 0.27805844283444703 101
1745405255749 0.2765940357001679 102
1745405255798 0.2751538573983104 103
1745405255851 0.2740488059103067 104
1745405255902 0.2726916857173284 105
1745405255953 0.27138497227273756 106
1745405256005 0.2701784184246715 107
1745405256061 0.2686949688180326 108
1745405256114 0.2671834099289685 109
1745405256164 0.26581333812432884 110
1745405256229 0.2647475836522077 111
1745405256281 0.26337950841462987 112
1745405256331 0.2620286769422219 113
1745405256381 0.2606285324951463 114
1745405256433 0.25950134118348006 115
1745405256485 0.25834725692890464 116
1745405256534 0.25723598953526616 117
1745405256584 0.25611228834367117 118
1745405256632 0.25507238320511055 119
1745405256685 0.2538304231064832 120
1745405256742 0.25277667591655223 121
1745405256789 0.25151562063542976 122
1745405256835 0.2504631698425062 123
1745405256886 0.24954207923086977 124
1745405256935 0.24857978501981784 125
1745405256988 0.247415118218832 126
1745405257043 0.2463864930913781 127
1745405257093 0.24536898977681562 128
1745405257141 0.24437877065455385 129
1745405257192 0.2433138767589818 130
1745405257242 0.24221821070811572 131
1745405257290 0.24135379852169328 132
1745405257340 0.2403900143922834 133
1745405257387 0.23941873771356598 134
1745405257442 0.23843523346281612 135
1745405257493 0.2375789230829673 136
1745405257539 0.23694079829777998 137
1745405257589 0.23610059287200139 138
1745405257634 0.23524168158825964 139
1745405257680 0.23442074632228552 140
1745405257723 0.23342390380013997 141
1745405257777 0.23242950100522897 142
1745405257827 0.23161281452015128 143
1745405257871 0.2305621299106289 144
1745405257920 0.22979797821757766 145
1745405257970 0.22913093049120747 146
1745405258020 0.22823097189133357 147
1745405258072 0.22729164315248404 148
1745405258118 0.22652166864108206 149
1745405258164 0.22585905542418727 150
1745405258209 0.22506593683778808 151
1745405258253 0.2243522887367 152
1745405258300 0.22355216866179273 153
1745405258350 0.2226474884492248 154
1745405258396 0.2218927544519856 155
1745405258442 0.22136788743555066 156
1745405258494 0.22061410827238986 157
1745405258545 0.21986194244844895 158
1745405258593 0.2192669700167718 159
1745405258641 0.21840248688775826 160
1745405258689 0.21764420145289878 161
1745405258735 0.21708452927460364 162
1745405258792 0.2163298924825012 163
1745405258841 0.21574542499507585 164
1745405258887 0.21492230151644615 165
1745405258938 0.21438331975679553 166
1745405258983 0.21381156450855993 167
1745405259039 0.2130387771511225 168
1745405259092 0.21246813866949665 169
1745405259137 0.21162292630976953 170
1745405259179 0.21115654194168823 171
1745405259228 0.2105528544679225 172
1745405259277 0.21000137848851858 173
1745405259322 0.2095531389388364 174
1745405259365 0.20903531812303192 175
1745405259414 0.20837899618362773 176
1745405259460 0.20786958407072598 177
1745405259510 0.20725667862496971 178
1745405259560 0.2068022945924087 179
1745405259605 0.20637445659491377 180
1745405259654 0.20594165669125467 181
1745405259706 0.20534552025555888 182
1745405259758 0.20501702393486315 183
1745405259806 0.2044050612467926 184
1745405259848 0.20399338921403676 185
1745405259893 0.20331601273170827 186
1745405259939 0.20266263139170848 187
1745405259990 0.20221345758093168 188
1745405260042 0.20166117198847497 189
1745405260088 0.20097370452790872 190
1745405260131 0.2005550931323097 191
1745405260172 0.20022291264805678 192
1745405260214 0.19976382448723085 193
1745405260259 0.1994190613404198 194
1745405260304 0.19881618854655347 195
1745405260349 0.19846005007801706 196
1745405260397 0.1978936084272116 197
1745405260442 0.1974194549604505 198
1745405260485 0.19683691232743272 199
1745405260496 0.19683691232743272 200
