1745405712830 0.6568726545145185 0
1745405712918 0.5939512854030924 1
1745405713018 0.5377437290658603 2
1745405713120 0.48663078834883433 3
1745405713211 0.445087023197637 4
1745405713298 0.40708963542938414 5
1745405713389 0.373770626758947 6
1745405713475 0.34531540257381854 7
1745405713561 0.31841860197946514 8
1745405713654 0.2945398937635403 9
1745405713746 0.27721085213928187 10
1745405713842 0.25933399972005267 11
1745405713929 0.2434284594421957 12
1745405714026 0.23002857816322375 13
1745405714117 0.21748346583036315 14
1745405714204 0.20711011626614445 15
1745405714287 0.19692108296840544 16
1745405714378 0.1886364410492982 17
1745405714461 0.17883434828967698 18
1745405714541 0.17376722253746157 19
1745405714623 0.16791786967213798 20
1745405714696 0.1621777460814602 21
1745405714781 0.15706437498149217 22
1745405714860 0.15327169454550454 23
1745405714946 0.14907559338780446 24
1745405715024 0.14631085214013792 25
1745405715112 0.14178812149645123 26
1745405715195 0.1385800917738946 27
1745405715273 0.13508457422273368 28
1745405715346 0.1322956159885182 29
1745405715416 0.12949139896444645 30
1745405715487 0.12792312196567934 31
1745405715557 0.12618475674651458 32
1745405715629 0.12395685736499543 33
1745405715703 0.12243720628046073 34
1745405715771 0.1205051353307819 35
1745405715842 0.11921045296201624 36
1745405715902 0.11817917604636424 37
1745405715977 0.11701563620464317 38
1745405716063 0.11582625486107213 39
1745405716134 0.11439526870793575 40
1745405716200 0.1137713217969876 41
1745405716282 0.11260224814001424 42
1745405716348 0.11112926996795736 43
1745405716419 0.10986788398212728 44
1745405716498 0.10875367750345459 45
1745405716573 0.10784079448306234 46
1745405716654 0.10671386673328476 47
1745405716728 0.10566238409498988 48
1745405716804 0.10451143239322497 49
1745405716872 0.10400191071935959 50
1745405716952 0.10287108940282104 51
1745405717032 0.10199440904822715 52
1745405717111 0.1011026003229411 53
1745405717181 0.10032364536039476 54
1745405717255 0.09956464433283503 55
1745405717324 0.09873169239717149 56
1745405717391 0.09804046212656993 57
1745405717467 0.09719047743684994 58
1745405717537 0.09651978990217168 59
1745405717614 0.09580751488676433 60
1745405717690 0.09537918233013683 61
1745405717761 0.09496979538026652 62
1745405717828 0.0945502364566302 63
1745405717892 0.09420934302854674 64
1745405717966 0.09337527457463611 65
1745405718046 0.0927854500673651 66
1745405718117 0.09240542856327538 67
1745405718195 0.09164297079401923 68
1745405718262 0.09108823611493812 69
1745405718332 0.09059267657814626 70
1745405718411 0.08993009701793302 71
1745405718477 0.08950934428386596 72
1745405718547 0.08908837590736352 73
1745405718622 0.08881486659118179 74
1745405718690 0.08861575891977654 75
1745405718764 0.08769724408700126 76
1745405718840 0.08675669866919064 77
1745405718911 0.08589754426302948 78
1745405718979 0.0853131989854605 79
1745405719044 0.0849536957425914 80
1745405719112 0.08458882865538259 81
1745405719191 0.08390083833426536 82
1745405719268 0.08350620400526508 83
1745405719328 0.08320096408811001 84
1745405719400 0.08278072988386896 85
1745405719467 0.08226217667378152 86
1745405719539 0.0819231069485898 87
1745405719622 0.08130994212240501 88
1745405719708 0.08060473590650497 89
1745405719788 0.08009530170768478 90
1745405719866 0.07940125378397664 91
1745405719923 0.07908580151690602 92
1745405720026 0.07860821432552863 93
1745405720111 0.07826670090607883 94
1745405720174 0.07800844245602462 95
1745405720250 0.07759989218557861 96
1745405720316 0.0773309372033376 97
1745405720392 0.07697970560515403 98
1745405720465 0.07628638852857743 99
1745405720539 0.07589958141925172 100
1745405720608 0.07562048947413166 101
1745405720679 0.07509262275088593 102
1745405720751 0.07470950849804597 103
1745405720819 0.07436197401984027 104
1745405720892 0.07393170102173738 105
1745405720947 0.07378750628289475 106
1745405721011 0.07353670339887687 107
1745405721088 0.07321728446879151 108
1745405721157 0.07296581130162749 109
1745405721224 0.07254110238377107 110
1745405721304 0.07241842164349821 111
1745405721388 0.07193443462564669 112
1745405721468 0.07156179097468335 113
1745405721532 0.0713190913166176 114
1745405721613 0.07087384753819777 115
1745405721685 0.07052336864079128 116
1745405721753 0.07026204974711485 117
1745405721822 0.06998907283757845 118
1745405721901 0.06954558127522155 119
1745405721971 0.0694322014466748 120
1745405722039 0.06925750210201727 121
1745405722110 0.06894872587915322 122
1745405722186 0.06867404128371767 123
1745405722254 0.06845503818540445 124
1745405722328 0.06820303884512578 125
1745405722388 0.06789552848891123 126
1745405722462 0.06769177277327992 127
1745405722547 0.06733258042346765 128
1745405722623 0.06713464532329946 129
1745405722698 0.06690278654137473 130
1745405722772 0.06647460988396327 131
1745405722842 0.06597417999993754 132
1745405722913 0.0654714496129545 133
1745405722978 0.06524115540836165 134
1745405723056 0.06503942812398625 135
1745405723136 0.06471249110467772 136
1745405723198 0.06461462865198973 137
1745405723274 0.06419942361702993 138
1745405723333 0.06412273422717342 139
1745405723406 0.06391318010691355 140
1745405723484 0.06367413371528563 141
1745405723555 0.06349011811899669 142
1745405723634 0.06317354671163548 143
1745405723713 0.06278889440127522 144
1745405723771 0.06261104207760762 145
1745405723843 0.06235472929194052 146
1745405723918 0.06215709240043747 147
1745405724003 0.0617176655465544 148
1745405724077 0.06152175708058511 149
1745405724154 0.06138093767925076 150
1745405724222 0.06128979071602975 151
1745405724287 0.06102156157818733 152
1745405724361 0.06089144412356335 153
1745405724437 0.06039571241697363 154
1745405724502 0.06018828029603299 155
1745405724576 0.06010358327230358 156
1745405724650 0.05994364963907413 157
1745405724720 0.05976007744576049 158
1745405724791 0.0593681711893411 159
1745405724864 0.05887666304609463 160
1745405724935 0.0586660662907778 161
1745405725006 0.05849632128913251 162
1745405725084 0.05825991263599048 163
1745405725155 0.05813678708655298 164
1745405725229 0.05797157633422172 165
1745405725357 0.05777692074212774 166
1745405725442 0.05737833907657752 167
1745405725521 0.0570250575684963 168
1745405725581 0.05697433214055096 169
1745405725649 0.05684333895285185 170
1745405725729 0.05632364495353109 171
1745405725801 0.05601785755717312 172
1745405725870 0.05577307017272887 173
1745405725933 0.05565089008543962 174
1745405725998 0.05552999475188134 175
1745405726068 0.05545201299538054 176
1745405726147 0.05528248680052206 177
1745405726220 0.05500213529090296 178
1745405726309 0.05477110471459593 179
1745405726375 0.05464107568063421 180
1745405726429 0.05447654339890308 181
1745405726511 0.05404783358276192 182
1745405726576 0.05379520029040323 183
1745405726646 0.05361373014454994 184
1745405726714 0.0534647763651059 185
1745405726785 0.05314141942895625 186
1745405726844 0.05302617974005834 187
1745405726913 0.05288542234940232 188
1745405726983 0.05268644599225132 189
1745405727071 0.05237975322531609 190
1745405727133 0.05234289611439821 191
1745405727210 0.05203423913783193 192
1745405727273 0.05196992490486432 193
1745405727335 0.05186404374352101 194
1745405727404 0.05165712052677684 195
1745405727461 0.05157743285337815 196
1745405727522 0.05145205354107506 197
1745405727592 0.05124029368151091 198
1745405727658 0.05115165633550954 199
1745405727734 0.05095930198902408 200
1745405727798 0.05085752938573588 201
1745405727864 0.05068196421054285 202
1745405727928 0.05054984912658575 203
1745405727992 0.05041124325624531 204
1745405728068 0.05027361715461317 205
1745405728144 0.05008593604116088 206
1745405728220 0.04988879142991393 207
1745405728281 0.04967240051059708 208
1745405728352 0.04948355618150699 209
1745405728415 0.0494293697585868 210
1745405728481 0.04923470555301996 211
1745405728551 0.04910749967332138 212
1745405728631 0.04889983997218086 213
1745405728701 0.04872552536506525 214
1745405728761 0.04832307900038 215
1745405728828 0.0482434522886329 216
1745405728900 0.04804259524216892 217
1745405728972 0.04772486506047705 218
1745405729040 0.04752431788848809 219
1745405729124 0.04734562065760198 220
1745405729193 0.04716603021757948 221
1745405729244 0.04707612608213801 222
1745405729300 0.04699890529388559 223
1745405729368 0.04682778092557473 224
1745405729451 0.04666872761277679 225
1745405729526 0.04653897231398404 226
1745405729588 0.0464339777148231 227
1745405729658 0.0463037638447719 228
1745405729730 0.04615919716988297 229
1745405729815 0.04587862366514323 230
1745405729876 0.04573249221157789 231
1745405729956 0.04557796503485148 232
1745405730027 0.04543974304358015 233
1745405730111 0.04516129926211403 234
1745405730221 0.0450302096410617 235
1745405730290 0.04490449086651543 236
1745405730363 0.04475451383718439 237
1745405730427 0.04463528705470943 238
1745405730484 0.04451576819056952 239
1745405730554 0.04439524058353855 240
1745405730629 0.04421351877195209 241
1745405730701 0.04399030967250511 242
1745405730768 0.04385500030648252 243
1745405730831 0.04376713946977645 244
1745405730897 0.04356232234045932 245
1745405730970 0.04347264451280508 246
1745405731045 0.04329584249883066 247
1745405731117 0.04315112507833527 248
1745405731199 0.04298515156710038 249
1745405731284 0.04284798963817967 250
1745405731359 0.04277879686497176 251
1745405731433 0.0426089283099025 252
1745405731511 0.04246941734810868 253
1745405731575 0.04237395911203156 254
1745405731650 0.04227030062187524 255
1745405731724 0.04203044560595377 256
1745405731805 0.04183587351527383 257
1745405731884 0.041678032446637 258
1745405731952 0.04166492039403259 259
1745405732018 0.04153619368017876 260
1745405732103 0.04132328313607216 261
1745405732178 0.04124159739198234 262
1745405732251 0.04110011957396575 263
1745405732330 0.04093087212948467 264
1745405732398 0.04077702200715647 265
1745405732469 0.04068565077062365 266
1745405732544 0.04054534471421352 267
1745405732614 0.04041524565062627 268
1745405732683 0.04031643490054546 269
1745405732749 0.04024280526609315 270
1745405732801 0.04021874589446234 271
1745405732877 0.04004946465671577 272
1745405732958 0.03992648176872655 273
1745405733040 0.03965869202289268 274
1745405733103 0.03960355870327176 275
1745405733181 0.03950871171654402 276
1745405733238 0.03945613096692039 277
1745405733314 0.03932113062318179 278
1745405733369 0.03929706646096445 279
1745405733429 0.03919853569907555 280
1745405733494 0.03905426731602413 281
1745405733567 0.0388848485150308 282
1745405733638 0.03875121161081922 283
1745405733718 0.03853864171430681 284
1745405733786 0.03842477514695254 285
1745405733856 0.03833724557945831 286
1745405733932 0.03821379549885632 287
1745405733995 0.03810962091115064 288
1745405734077 0.03803405181844675 289
1745405734137 0.03790438618011272 290
1745405734225 0.03765215567271132 291
1745405734288 0.03752855030970301 292
1745405734353 0.03748923931574295 293
1745405734427 0.03737831079438553 294
1745405734505 0.03712807175905898 295
1745405734568 0.03703027757103258 296
1745405734635 0.03698652864710863 297
1745405734739 0.03687542299896778 298
1745405734808 0.03670813524318024 299
1745405734883 0.03656601237467493 300
1745405734954 0.03646162493231718 301
1745405735031 0.03634282650460945 302
1745405735106 0.03623172066735486 303
1745405735173 0.0361171245432485 304
1745405735246 0.03605189588330086 305
1745405735316 0.03590916457376056 306
1745405735381 0.03578752925037117 307
1745405735461 0.03559568217813427 308
1745405735532 0.03548430580999252 309
1745405735601 0.03538255893427716 310
1745405735675 0.03529072502560683 311
1745405735761 0.03515961550459742 312
1745405735824 0.03511998850462269 313
1745405735902 0.03501419792674967 314
1745405735971 0.03494847596417458 315
1745405736046 0.03486176371873016 316
1745405736119 0.0347079430796083 317
1745405736193 0.03466818519153712 318
1745405736285 0.0344974372693991 319
1745405736357 0.03437277802784142 320
1745405736432 0.03421677395698932 321
1745405736500 0.03411935394520239 322
1745405736578 0.03399639838733861 323
1745405736650 0.03387360605513796 324
1745405736727 0.03377092629787682 325
1745405736793 0.03366606657502664 326
1745405736855 0.033526529091644 327
1745405736930 0.03340516214371528 328
1745405736993 0.03333588278584589 329
1745405737067 0.03329297015126914 330
1745405737142 0.03322654718746018 331
1745405737224 0.03313916891034438 332
1745405737286 0.03308168559584113 333
1745405737369 0.03292169751550255 334
1745405737430 0.03285064294340389 335
1745405737511 0.03270765706871062 336
1745405737573 0.03261700908086696 337
1745405737650 0.03254279890872116 338
1745405737724 0.03243445290545619 339
1745405737794 0.03238505558069354 340
1745405737866 0.03230285575878214 341
1745405737936 0.03212632351558736 342
1745405737988 0.0320708188335219 343
1745405738058 0.03204316464765448 344
1745405738129 0.03185512519363635 345
1745405738208 0.03177331270085544 346
1745405738276 0.031684111220239 347
1745405738343 0.03159653314164391 348
1745405738411 0.03146003187935457 349
1745405738474 0.0313144414252027 350
1745405738543 0.03121258454816839 351
1745405738608 0.03113695115186998 352
1745405738692 0.03101039070064883 353
1745405738756 0.03092325120284461 354
1745405738826 0.03085649557432077 355
1745405738895 0.03079408457921082 356
1745405738964 0.03067044087240183 357
1745405739046 0.0305269766570664 358
1745405739124 0.03042871743980474 359
1745405739194 0.03033496000405779 360
1745405739259 0.03027015798472845 361
1745405739326 0.03021163528752484 362
1745405739399 0.03011601983241717 363
1745405739470 0.0300329885428257 364
1745405739528 0.0299912214041405 365
1745405739601 0.02989218717446589 366
1745405739692 0.02976974455612864 367
1745405739764 0.02963369444220584 368
1745405739830 0.02955097041654661 369
1745405739922 0.02948834581761007 370
1745405740014 0.02945792001730017 371
1745405740132 0.02937664626615727 372
1745405740236 0.02933236925759458 373
1745405740340 0.02930105270493051 374
1745405740466 0.02916141473847176 375
1745405740536 0.02904032587268104 376
1745405740609 0.02894386183162946 377
1745405740667 0.02888078416761367 378
1745405740736 0.02879174934793735 379
1745405740813 0.02865275119897002 380
1745405740881 0.02856998492765041 381
1745405740952 0.02848243794214985 382
1745405741011 0.02840576419223779 383
1745405741082 0.028316171427784 384
1745405741154 0.02822491861547695 385
1745405741241 0.02814774161166433 386
1745405741321 0.02808628251806566 387
1745405741399 0.02800382964507056 388
1745405741466 0.02793304088213356 389
1745405741527 0.0279150310898661 390
1745405741593 0.02783407013369118 391
1745405741672 0.02775865988287646 392
1745405741746 0.02768341582351342 393
1745405741809 0.02760537497740403 394
1745405741881 0.0275607604087424 395
1745405741960 0.02746417567570603 396
1745405742025 0.02736617649251051 397
1745405742077 0.02734281755529437 398
1745405742146 0.02721944746136309 399
1745405742225 0.0271339179183422 400
1745405742291 0.02706129964490211 401
1745405742359 0.02695862182174674 402
1745405742422 0.02690084100306204 403
1745405742511 0.02675533097648631 404
1745405742571 0.02669248614591265 405
1745405742656 0.02655692266136508 406
1745405742710 0.02652523008638741 407
1745405742791 0.02638209543161959 408
1745405742868 0.02628391993219983 409
1745405742946 0.02618774274388247 410
1745405743017 0.02609904784158367 411
1745405743099 0.02601450782124004 412
1745405743172 0.02593021514059309 413
1745405743251 0.02586507656138531 414
1745405743324 0.02578663530618825 415
1745405743390 0.025715320276173 416
1745405743454 0.0256273516564625 417
1745405743520 0.02557726810184451 418
1745405743588 0.02552360098268618 419
1745405743664 0.02534920667538431 420
1745405743726 0.02521764543253054 421
1745405743796 0.02505869668016295 422
1745405743853 0.02502241444405316 423
1745405743908 0.02499156677940122 424
1745405743984 0.02489861475970551 425
1745405744055 0.02483080779116813 426
1745405744129 0.0247439460205906 427
1745405744200 0.02467465327419631 428
1745405744278 0.02462764324306061 429
1745405744349 0.02459388373102445 430
1745405744407 0.02455449478032358 431
1745405744477 0.02448933511830545 432
1745405744542 0.02438421391981833 433
1745405744604 0.02432720298915588 434
1745405744672 0.02426463097562491 435
1745405744733 0.02417405702688142 436
1745405744801 0.02410011696944616 437
1745405744860 0.02404976269911665 438
1745405744936 0.02395449967590178 439
1745405745006 0.02387287625629053 440
1745405745101 0.025715320276173 441
