1745405770824 0.5804886162137215 0
1745405771165 0.4531022752331153 1
1745405771561 0.3572076708750977 2
1745405771933 0.28420013815016265 3
1745405772288 0.23103821221164933 4
1745405772646 0.18868109774770878 5
1745405773020 0.15762935244771048 6
1745405773377 0.13512113993667071 7
1745405773729 0.1175444407331687 8
1745405774068 0.10281449154936985 9
1745405774351 0.09184158026216754 10
1745405774667 0.08314789336098456 11
1745405774942 0.07733364747805906 12
1745405775254 0.07179946157103312 13
1745405775583 0.06556702908235362 14
1745405775870 0.06239742939568368 15
1745405776080 0.06043162695245724 16
1745405776311 0.05791052958813988 17
1745405776521 0.05561798407574357 18
1745405776851 0.05259902354628937 19
1745405777112 0.05007666157211233 20
1745405777379 0.04849561185534452 21
1745405777683 0.04660238397931603 22
1745405777904 0.04509923731163012 23
1745405778111 0.04390696623135378 24
1745405778361 0.04247534191315314 25
1745405778618 0.04108868954623862 26
1745405778824 0.04034348430534354 27
1745405779061 0.03938288996375647 28
1745405779364 0.03762881287012388 29
1745405779546 0.03693860701720234 30
1745405779799 0.03578919016670799 31
1745405780136 0.03447266723876696 32
1745405780372 0.0335855083510764 33
1745405780697 0.03230761870071175 34
1745405780922 0.0313970215816707 35
1745405781263 0.02993666267520027 36
1745405781592 0.02858670844028101 37
1745405781865 0.02768262787115574 38
1745405782069 0.02704660317403413 39
1745405782400 0.02600835225947693 40
1745405782572 0.02549047577348886 41
1745405782757 0.02487550057521955 42
1745405783007 0.02425443206422988 43
1745405783271 0.02358099315215631 44
1745405783542 0.02310397496457802 45
1745405783877 0.0218992047054485 46
1745405784087 0.0214579874314983 47
1745405784321 0.02106312061661353 48
1745405784534 0.02070239605482602 49
1745405784750 0.02027209779538651 50
1745405785011 0.01968481047077716 51
1745405785260 0.01916438561389671 52
1745405785504 0.01871501902611194 53
1745405785772 0.01827715411564477 54
1745405785987 0.01792337751656723 55
1745405786241 0.01747817594457623 56
1745405786481 0.01707955395524377 57
1745405786696 0.01669738684687445 58
1745405786968 0.01616551807046278 59
1745405787207 0.0157259915055817 60
1745405787474 0.01531749528567293 61
1745405787756 0.01504506521148588 62
1745405787996 0.01471724689000422 63
1745405788240 0.01441767948432775 64
1745405788475 0.01397425478112618 65
1745405788818 0.01343807710892208 66
1745405789042 0.01306757448932664 67
1745405789281 0.01280448923986591 68
1745405789492 0.01259739340633263 69
1745405789706 0.01246422389837571 70
1745405789921 0.01223868660179718 71
1745405790086 0.01196605739732467 72
1745405790309 0.01180525464205069 73
1745405790508 0.01164914489509962 74
1745405790797 0.01133042113138457 75
1745405791080 0.01105297581575836 76
1745405791353 0.01068806589019111 77
1745405791611 0.01041967102925069 78
1745405791823 0.01022425116564481 79
1745405792076 0.00990648156859111 80
1745405792302 0.00953131966992128 81
1745405792558 0.00929499425536972 82
1745405792828 0.00903463364594994 83
1745405793043 0.00886627649344163 84
1745405793213 0.00875874278840822 85
1745405793444 0.00860593740201252 86
1745405793724 0.00839484773382577 87
1745405793875 0.0082777601243064 88
1745405794113 0.00801985358481829 89
1745405794265 0.00793647113674927 90
1745405794559 0.00764164873222119 91
1745405794759 0.00753889378521866 92
1745405795011 0.00728420735218502 93
1745405795273 0.00704990742963232 94
1745405795512 0.00690558007486505 95
1745405795754 0.00670586947249744 96
1745405796090 0.00645402049706802 97
1745405796211 0.00639180392166534 98
1745405796441 0.00624856664781364 99
1745405796712 0.00607678762174117 100
1745405796954 0.00588579419973887 101
1745405797192 0.00577142696503232 102
1745405797502 0.01041967102925069 103
