1745405645073 0.5849087301625256 0
1745405645420 0.46114317640658825 1
1745405645784 0.36684296460096577 2
1745405646169 0.29522230020118956 3
1745405646534 0.24165776763792057 4
1745405646872 0.20064046323762413 5
1745405647263 0.16829191732480359 6
1745405647637 0.14482447795733217 7
1745405647990 0.12605414222192662 8
1745405648341 0.1107962082725558 9
1745405648651 0.09807241340821879 10
1745405648972 0.08937959274484922 11
1745405649289 0.08258401400118638 12
1745405649582 0.07755018279327287 13
1745405649907 0.07147257770264798 14
1745405650188 0.06704092201295449 15
1745405650464 0.0637164886948657 16
1745405650750 0.06042506232461105 17
1745405650980 0.05790794417979855 18
1745405651294 0.05492540016601986 19
1745405651588 0.05197982213505739 20
1745405651802 0.05061407633450785 21
1745405652070 0.04832889600459458 22
1745405652280 0.04724530410123141 23
1745405652565 0.04546261677072548 24
1745405652794 0.04402517489865782 25
1745405653096 0.04231440153501868 26
1745405653310 0.04117678557028664 27
1745405653584 0.03939428493808626 28
1745405653852 0.03788518344696515 29
1745405654115 0.03675896584957718 30
1745405654374 0.03557552024804581 31
1745405654550 0.03521020892056221 32
1745405654765 0.03429820443019321 33
1745405655056 0.0332078554976726 34
1745405655288 0.03223240210923076 35
1745405655532 0.03116031922828414 36
1745405655827 0.03013301459746134 37
1745405656144 0.02892130042468862 38
1745405656444 0.02781073677892758 39
1745405656725 0.0269595446515715 40
1745405656897 0.0264710915304658 41
1745405657191 0.02549633807179911 42
1745405657389 0.02492224452195577 43
1745405657613 0.02448776764530257 44
1745405657804 0.02412370441290515 45
1745405658089 0.02317274076396574 46
1745405658250 0.02290990981218917 47
1745405658564 0.02235917453594888 48
1745405658864 0.02151139796414601 49
1745405659049 0.02106456668065899 50
1745405659284 0.02063779429118559 51
1745405659549 0.01997502208690404 52
1745405659752 0.01957347777087153 53
1745405659938 0.01926654586375651 54
1745405660219 0.01865854467621 55
1745405660437 0.01830737476437414 56
1745405660752 0.01782287193765387 57
1745405660998 0.01740930939723731 58
1745405661256 0.01699091032850618 59
1745405661476 0.01666146728519531 60
1745405661721 0.01618317712602337 61
1745405661955 0.01572837084481011 62
1745405662202 0.01529892439411175 63
1745405662445 0.01492560510882804 64
1745405662689 0.01458676436124096 65
1745405662854 0.01429287455136984 66
1745405663097 0.01389358232622415 67
1745405663329 0.01360671193318756 68
1745405663638 0.01317154580416226 69
1745405663841 0.01301115440797376 70
1745405664015 0.01295753563269774 71
1745405664190 0.01277658942643621 72
1745405664403 0.0124825984690516 73
1745405664635 0.01214934134926656 74
1745405664868 0.01178498142216062 75
1745405665190 0.0114280085497461 76
1745405665513 0.01111937237345975 77
1745405665711 0.01093363985682252 78
1745405666003 0.0106683760303628 79
1745405666285 0.01034855861468272 80
1745405666503 0.01013302338955417 81
1745405666771 0.00985565831404378 82
1745405667101 0.00942261764291935 83
1745405667336 0.00923924094554735 84
1745405667527 0.00912927570541955 85
1745405667760 0.00887350274929768 86
1745405667969 0.00879796975568417 87
1745405668186 0.00854945844527781 88
1745405668391 0.00842672540918111 89
1745405668655 0.00816994251518194 90
1745405668809 0.00810740046272744 91
1745405669072 0.00793383752209821 92
1745405669277 0.00770818687908023 93
1745405669436 0.00763454904507467 94
1745405669687 0.00739188924656468 95
1745405669953 0.00717163832066787 96
1745405670168 0.00708369134955462 97
1745405670367 0.00692585978641264 98
1745405670569 0.00685385073882217 99
1745405670821 0.00669102271857113 100
1745405671054 0.00656004484933458 101
1745405671256 0.00644766445274152 102
1745405671466 0.00634847817861594 103
1745405671731 0.00616863373120108 104
1745405671964 0.00602222799701216 105
1745405672150 0.00595379337236219 106
1745405672398 0.00579202178389826 107
1745405672602 0.00565392322618291 108
1745405672814 0.00553570041837822 109
1745405673005 0.00545111935360339 110
1745405673180 0.00538689931556245 111
1745405673374 0.00533857176574671 112
1745405673621 0.00521534150764399 113
1745405673848 0.00511421314262388 114
1745405673971 0.00508949187462683 115
1745405674306 0.00491183788461546 116
1745405674490 0.00483299995708917 117
1745405674764 0.00463614825010392 118
1745405674966 0.00457214150131657 119
1745405675166 0.00452669466018253 120
1745405675376 0.00445442258073843 121
1745405675700 0.0042700742023733 122
1745405675926 0.00417435470359747 123
1745405676165 0.00409123138007733 124
1745405676441 0.00397675491177677 125
1745405676614 0.00390812825002561 126
1745405676904 0.00382746977917659 127
1745405677197 0.00372376756491616 128
1745405677440 0.00360453029304476 129
1745405677697 0.00350737348451038 130
1745405677986 0.00340182951596244 131
1745405678188 0.00333529187584965 132
1745405678418 0.00325729592847135 133
1745405678707 0.00315215732431448 134
1745405678904 0.00310545197777964 135
1745405679168 0.00302134449558696 136
1745405679397 0.00293598227931344 137
1745405679550 0.00289398590195426 138
1745405679717 0.00285680837858654 139
1745405680059 0.0027637610646619 140
1745405680240 0.00270605904998048 141
1745405680505 0.00260636286796999 142
1745405680726 0.00254971943793101 143
1745405680964 0.00249403998814749 144
1745405681117 0.00244918391369931 145
1745405681289 0.00240303217111887 146
1745405681459 0.002364599354363 147
1745405681657 0.00230388195202974 148
1745405681849 0.00225835659547729 149
1745405682056 0.00221261137830484 150
1745405682274 0.00215561892963481 151
1745405682611 0.00206240492582636 152
1745405682780 0.00204588341822354 153
1745405683022 0.00199215572655849 154
1745405683234 0.00197176904742458 155
1745405683475 0.00191325798810155 156
1745405683704 0.0018852474866685 157
1745405683992 0.00182974189304299 158
1745405684264 0.00177565772571043 159
1745405684456 0.00174502083046578 160
1745405684697 0.00170041045983665 161
1745405685010 0.00164467699571651 162
1745405685283 0.00157664268347047 163
1745405685512 0.00154069769194554 164
1745405685743 0.00150226937170023 165
1745405685976 0.00145925082370941 166
1745405686149 0.00143411756248283 167
1745405686318 0.00141229103236674 168
1745405686612 0.00135993555200123 169
1745405686823 0.00133077391206483 170
1745405687019 0.00129709659950108 171
1745405687248 0.00125907214736844 172
1745405687464 0.0012385451720875 173
1745405687569 0.00122730630667321 174
1745405687701 0.00121408023067533 175
1745405687968 0.00117007074070592 176
1745405688179 0.00113804921235695 177
1745405688364 0.00111788425467135 178
1745405688521 0.00110155323031504 179
1745405688629 0.00109403579412435 180
1745405688844 0.00106970317545486 181
1745405689030 0.00105208197960218 182
1745405689300 0.00102163893388811 183
1745405689540 0.00099215936309208 184
1745405689704 0.00097984900838875 185
1745405689963 0.00094438940516372 186
1745405690126 0.00092853850918911 187
1745405690307 0.00091218036735793 188
1745405690497 0.00089599635238865 189
1745405690672 0.00088005483420774 190
1745405690823 0.00085808257615767 191
1745405690979 0.00084939729807582 192
1745405691271 0.00081598353437166 193
1745405691484 0.00078921673585327 194
1745405691757 0.00133077391206483 195
