1745405226063 0.6104255561190952 0
1745405226122 0.5510982999552383 1
1745405226176 0.5010824370377207 2
1745405226244 0.45832233775017417 3
1745405226297 0.4225763024990297 4
1745405226353 0.3896624934706374 5
1745405226407 0.36204821803763293 6
1745405226459 0.3389818516578137 7
1745405226516 0.3186529412887922 8
1745405226570 0.3028273346544276 9
1745405226625 0.29049847680256435 10
1745405226674 0.2762695970957903 11
1745405226725 0.2659399990181467 12
1745405226776 0.25600502111593126 13
1745405226823 0.24789510506290882 14
1745405226869 0.23858721302558264 15
1745405226913 0.23257486907534908 16
1745405226961 0.22751369588920617 17
1745405227007 0.2212683361027012 18
1745405227061 0.21711635398044543 19
1745405227105 0.21373471260064236 20
1745405227152 0.20973288852467567 21
1745405227202 0.2057636832486165 22
1745405227250 0.2020766615703925 23
1745405227293 0.19816581189345261 24
1745405227339 0.19426854372770191 25
1745405227379 0.1921454181075721 26
1745405227429 0.1892567623396038 27
1745405227465 0.18771542340576436 28
1745405227513 0.1842252309948814 29
1745405227561 0.18036944704056548 30
1745405227598 0.17856352575505924 31
1745405227646 0.1767323850348586 32
1745405227685 0.17500202529247746 33
1745405227727 0.17383987553458 34
1745405227766 0.17222368850754327 35
1745405227816 0.1704589423000058 36
1745405227852 0.16909098725887312 37
1745405227900 0.167883676613628 38
1745405227940 0.16674104134680848 39
1745405227983 0.16498726336356778 40
1745405228029 0.16224423138361085 41
1745405228071 0.16101749355800726 42
1745405228109 0.16035100450882384 43
1745405228155 0.15880657180643828 44
1745405228197 0.15780967476284333 45
1745405228242 0.15649343051673215 46
1745405228287 0.15546778355538798 47
1745405228326 0.1545559386091644 48
1745405228371 0.15342288880238303 49
1745405228407 0.1527520006361501 50
1745405228448 0.15250985307271062 51
1745405228499 0.15151361074605926 52
1745405228544 0.15037321694750339 53
1745405228582 0.149806806026598 54
1745405228627 0.1484567772617704 55
1745405228674 0.147717194576686 56
1745405228709 0.14694046410320957 57
1745405228751 0.14645536730115283 58
1745405228794 0.14614126090981674 59
1745405228839 0.1456682735860246 60
1745405228877 0.14483282558512212 61
1745405228924 0.1433716943340738 62
1745405228968 0.14230934297414605 63
1745405229010 0.14207181475009614 64
1745405229058 0.1414440161701618 65
1745405229107 0.14085870380177704 66
1745405229149 0.1395805568070007 67
1745405229189 0.13902833682046772 68
1745405229232 0.13771437075840381 69
1745405229275 0.13726893094343084 70
1745405229314 0.13690506812594203 71
1745405229356 0.13653802459794434 72
1745405229396 0.1356245404304114 73
1745405229438 0.13478592898517933 74
1745405229475 0.13400410269350066 75
1745405229530 0.13332297725131143 76
1745405229581 0.13283535250380218 77
1745405229627 0.13182232081347606 78
1745405229670 0.13162640918910798 79
1745405229707 0.13138546834733247 80
1745405229751 0.13088233609075192 81
1745405229792 0.13021663252288404 82
1745405229838 0.1295545261036052 83
1745405229875 0.1291793973788368 84
1745405229924 0.1286405715668399 85
1745405229970 0.12819803902180596 86
1745405230011 0.12796977181342722 87
1745405230059 0.12733598869898088 88
1745405230098 0.1268758709481911 89
1745405230138 0.12667145900420007 90
1745405230182 0.12623720321090603 91
1745405230228 0.1253014741531887 92
1745405230268 0.12491868937830773 93
1745405230313 0.12426352374998255 94
1745405230353 0.12394094501713568 95
1745405230399 0.12365186950936342 96
1745405230434 0.1231910862939912 97
1745405230476 0.1227546189595462 98
1745405230523 0.12226032829716682 99
1745405230570 0.1216596885178331 100
1745405230617 0.12101773716240898 101
1745405230664 0.12057760688101472 102
1745405230703 0.1203395097742413 103
1745405230747 0.11978111730719017 104
1745405230784 0.1195856425032453 105
1745405230830 0.11924049888753782 106
1745405230866 0.11886336300808299 107
1745405230903 0.11843034462938598 108
1745405230947 0.11787950466860984 109
1745405230986 0.11757594516531664 110
1745405231028 0.11730217400779283 111
1745405231071 0.11713249619265872 112
1745405231112 0.11690304952895164 113
1745405231154 0.116485092555501 114
1745405231204 0.11613767297012215 115
1745405231253 0.11601191070623174 116
1745405231300 0.11552103962814293 117
1745405231344 0.11501111394078072 118
1745405231387 0.11466915213942681 119
1745405231433 0.11455928023280622 120
1745405231468 0.11444231108267845 121
1745405231512 0.11387504365126785 122
1745405231567 0.1136049942856269 123
1745405231613 0.11355508339027018 124
1745405231661 0.11288587374311938 125
1745405231705 0.11245865060374118 126
1745405231748 0.11199294532594828 127
1745405231788 0.11174648813270313 128
1745405231832 0.11141216471983355 129
1745405231877 0.11084916936211066 130
1745405231915 0.11051174516644086 131
1745405231954 0.11013239720634524 132
1745405231999 0.10986713366682443 133
1745405232047 0.10969463035600314 134
1745405232093 0.10946153359989345 135
1745405232141 0.10914360021835755 136
1745405232191 0.10892119624397077 137
1745405232229 0.10865160560304614 138
1745405232295 0.10818430487033714 139
1745405232336 0.10799469489617435 140
1745405232380 0.10785960606691186 141
1745405232430 0.10748643724487783 142
1745405232474 0.1070517972846656 143
1745405232510 0.10687093487570086 144
1745405232559 0.10664430870954689 145
1745405232604 0.10629265408436753 146
1745405232650 0.10608059128437687 147
1745405232697 0.10572075885693237 148
1745405232740 0.10532087406148771 149
1745405232794 0.10514801537035327 150
1745405232832 0.10500404006539472 151
1745405232868 0.10486602461704578 152
1745405232911 0.10459197722970758 153
1745405232957 0.10410091317900337 154
1745405233004 0.1036113473762534 155
1745405233049 0.1033383835890517 156
1745405233088 0.10311443959150485 157
1745405233129 0.1029738801638304 158
1745405233171 0.10266830347162637 159
1745405233217 0.10244068185404646 160
1745405233260 0.10189028254844318 161
1745405233304 0.10179250038543228 162
1745405233347 0.101602278586355 163
1745405233385 0.10136819607923894 164
1745405233431 0.10123260941688748 165
1745405233481 0.10090809538677507 166
1745405233536 0.10047464167405643 167
1745405233582 0.10016537009524838 168
1745405233617 0.09985589943688646 169
1745405233664 0.09968341618304195 170
1745405233709 0.09938893321859836 171
1745405233749 0.09922020720263534 172
1745405233796 0.0988544281489689 173
1745405233853 0.0985264849411442 174
1745405233890 0.09840966926903788 175
1745405233935 0.09829353725877989 176
1745405233976 0.09820344962602712 177
1745405234017 0.09798894573524461 178
1745405234058 0.09795037066920076 179
1745405234101 0.09756818148029626 180
1745405234141 0.09734357365904762 181
1745405234178 0.09708039501333317 182
1745405234218 0.0967956301142859 183
1745405234266 0.09658190766993642 184
1745405234310 0.09651957197681403 185
1745405234354 0.0963330480907489 186
1745405234397 0.09612552224887295 187
1745405234435 0.09589317087752436 188
1745405234474 0.09570010155278823 189
1745405234512 0.09554422570550497 190
1745405234564 0.09523268399088654 191
1745405234603 0.09508029416225862 192
1745405234644 0.0949791433163441 193
1745405234685 0.09471937463698178 194
1745405234729 0.09444199970473317 195
1745405234765 0.09431497610863289 196
1745405234824 0.09411060997780686 197
1745405234863 0.09400207633454846 198
1745405234905 0.09376198927595973 199
1745405234916 0.09411060997780686 200
