1745405285903 0.6430307860366715 0
1745405286090 0.632260127585428 1
1745405286295 0.6219238732603708 2
1745405286473 0.6114048215828328 3
1745405286655 0.6016619935340856 4
1745405286847 0.5917133792679333 5
1745405287028 0.5820599838025152 6
1745405287214 0.5724396134828494 7
1745405287391 0.563010727991347 8
1745405287570 0.5536924155530973 9
1745405287738 0.5457578313543741 10
1745405287919 0.5369551325350398 11
1745405288106 0.528160141702529 12
1745405288277 0.5197475123620691 13
1745405288449 0.5114401447659931 14
1745405288630 0.5044018897148034 15
1745405288814 0.4964786327817725 16
1745405288998 0.4886455301804144 17
1745405289187 0.4809745671813309 18
1745405289359 0.47408898958791257 19
1745405289539 0.466666732179244 20
1745405289714 0.4591428097827751 21
1745405289896 0.45189138338894913 22
1745405290085 0.4447088715149676 23
1745405290272 0.43752666163892084 24
1745405290453 0.43068986652985836 25
1745405290623 0.4245555077268721 26
1745405290798 0.41801627158583216 27
1745405290970 0.41158171543983385 28
1745405291168 0.4051001256930783 29
1745405291354 0.39882849102095574 30
1745405291528 0.3927099641393548 31
1745405291698 0.3866435849735044 32
1745405291878 0.3806888400955435 33
1745405292063 0.37488612178224506 34
1745405292244 0.3691801595991277 35
1745405292412 0.3636664862201601 36
1745405292597 0.3581465781689216 37
1745405292773 0.3527653486918553 38
1745405292965 0.3476069441145792 39
1745405293164 0.342449167203259 40
1745405293337 0.33729912573327214 41
1745405293525 0.3330239814263879 42
1745405293707 0.3284839694877498 43
1745405293889 0.3236842520172115 44
1745405294094 0.3190065698411332 45
1745405294271 0.31433344343978376 46
1745405294459 0.30980994885776897 47
1745405294643 0.30540410066574447 48
1745405294819 0.30141200922144934 49
1745405294994 0.2972429224563349 50
1745405295186 0.2930268287163326 51
1745405295366 0.28888991429901684 52
1745405295541 0.28478229867221655 53
1745405295709 0.2811125261593653 54
1745405295877 0.27726016435398965 55
1745405296053 0.2734238554420425 56
1745405296226 0.2697667648933672 57
1745405296412 0.2660034654564167 58
1745405296579 0.26235647628652053 59
1745405296767 0.25879758734846475 60
1745405296946 0.25534783763620744 61
1745405297131 0.2519612569536634 62
1745405297310 0.2487952298507652 63
1745405297480 0.2456148223061422 64
1745405297655 0.24244836433868605 65
1745405297832 0.23955535333745392 66
1745405298005 0.23635537741198426 67
1745405298208 0.23331691890522033 68
1745405298383 0.23043426346398557 69
1745405298556 0.22746819729497364 70
1745405298728 0.22463710929596992 71
1745405298900 0.221763887584492 72
1745405299089 0.21897066447387037 73
1745405299259 0.21644170798141651 74
1745405299422 0.21394872265005868 75
1745405299605 0.21123494649720695 76
1745405299789 0.20864939826803924 77
1745405299957 0.20616553614356295 78
1745405300140 0.2038110258218752 79
1745405300317 0.20137215200534778 80
1745405300484 0.19896800379480514 81
1745405300668 0.19655281748791412 82
1745405300849 0.19421289430775576 83
1745405301029 0.19190040895734475 84
1745405301222 0.18966687405922325 85
1745405301399 0.18742459094574862 86
1745405301568 0.18531845627434262 87
1745405301751 0.18317579649890461 88
1745405301929 0.18104254127157116 89
1745405302111 0.1789877978122706 90
1745405302296 0.17704523082265997 91
1745405302489 0.17499638914666005 92
1745405302662 0.17321889213398303 93
1745405302847 0.17139842773216854 94
1745405303000 0.16960330524126696 95
1745405303196 0.16777166546628533 96
1745405303377 0.16599987969634625 97
1745405303538 0.16426628292019194 98
1745405303730 0.16256296357119707 99
1745405303902 0.16084984585125026 100
1745405304074 0.15911491582668436 101
1745405304236 0.15753433654085594 102
1745405304389 0.1560403757231602 103
1745405304559 0.15481858492898684 104
1745405304735 0.15319888992084774 105
1745405304891 0.15151286933475308 106
1745405305071 0.1499308354533583 107
1745405305246 0.14845637392286845 108
1745405305470 0.14687136462919625 109
1745405305637 0.1454389249885924 110
1745405305793 0.14393171753458514 111
1745405305971 0.14250169042266994 112
1745405306147 0.1411628565879266 113
1745405306336 0.13971297663690319 114
1745405306524 0.13839180020371208 115
1745405306701 0.13707262774450016 116
1745405306871 0.13587002773569562 117
1745405307032 0.13457527018128368 118
1745405307202 0.13332180496740353 119
1745405307369 0.13222090280873874 120
1745405307548 0.13102233534561908 121
1745405307709 0.1299002985915897 122
1745405307885 0.1286910062426703 123
1745405308051 0.12778341333929047 124
1745405308210 0.1266657855983861 125
1745405308371 0.1254649928929376 126
1745405308542 0.12449544961901411 127
1745405308707 0.12359399378956426 128
1745405308863 0.12263524069068693 129
1745405309031 0.12158692872383231 130
1745405309209 0.1205719661440191 131
1745405309355 0.11970996461908547 132
1745405309523 0.1187015949363293 133
1745405309676 0.11773401431154147 134
1745405309842 0.11674012456035222 135
1745405309995 0.11594083191042247 136
1745405310178 0.11518329625193877 137
1745405310356 0.11421253079658104 138
1745405310519 0.11334149235217734 139
1745405310683 0.11240013715439033 140
1745405310827 0.11148363852287545 141
1745405310984 0.11073607382499477 142
1745405311154 0.10984350718514768 143
1745405311319 0.10899507381649434 144
1745405311464 0.1082963208275746 145
1745405311641 0.10762191208193995 146
1745405311789 0.1069424002884332 147
1745405311945 0.10613621966220695 148
1745405312105 0.10534679349585141 149
1745405312261 0.10464010613011412 150
1745405312431 0.10395779521387286 151
1745405312574 0.1032875487515435 152
1745405312721 0.10255856090617785 153
1745405312880 0.10189807947701066 154
1745405313042 0.10125856058085454 155
1745405313204 0.1005957316476399 156
1745405313375 0.09998699828400039 157
1745405313539 0.09932136039054602 158
1745405313699 0.09864093582509166 159
1745405313858 0.0980704169629934 160
1745405314017 0.09742358807690839 161
1745405314168 0.09683721580294828 162
1745405314331 0.0962560889703592 163
1745405314472 0.09570948714699924 164
1745405314642 0.09503887145377105 165
1745405314802 0.09463754054647402 166
1745405314961 0.09407397992610755 167
1745405315117 0.09344321340455385 168
1745405315269 0.09295921263799077 169
1745405315429 0.09241513033607829 170
1745405315562 0.09191028785571566 171
1745405315707 0.09140462547083603 172
1745405315867 0.09083378374611598 173
1745405316017 0.09034278976700555 174
1745405316163 0.08986096829768925 175
1745405316323 0.08937457104469536 176
1745405316479 0.08892799828527091 177
1745405316634 0.08837215432571084 178
1745405316792 0.08798201630576627 179
1745405316937 0.08758278294712833 180
1745405317087 0.08711791790954589 181
1745405317220 0.08666712836373826 182
1745405317372 0.08627467882297349 183
1745405317544 0.08576278681441234 184
1745405317697 0.0853343337802744 185
1745405317847 0.08484845424519219 186
1745405318012 0.08440336429951802 187
1745405318174 0.08406695264108281 188
1745405318322 0.08375239690306564 189
1745405318474 0.08333494676908171 190
1745405318615 0.08300925588623301 191
1745405318783 0.08250798745811165 192
1745405318928 0.08203091471868101 193
1745405319093 0.08163740884375234 194
1745405319241 0.08119788767266432 195
1745405319358 0.08093694237602307 196
1745405319512 0.08053390099807821 197
1745405319657 0.08022747509974736 198
1745405319804 0.0797987209374516 199
1745405319922 0.07950815116738306 200
1745405320063 0.07909654321298312 201
1745405320223 0.07865926288060879 202
1745405320384 0.0782540085601308 203
1745405320540 0.077751987263845 204
1745405320676 0.07750403176615302 205
1745405320810 0.07721450483478731 206
1745405320949 0.0768305953486057 207
1745405321093 0.07647208959094491 208
1745405321258 0.07600408107265001 209
1745405321413 0.07566618347405188 210
1745405321549 0.07533629110115067 211
1745405321681 0.07503191511266678 212
1745405321809 0.07476823026181319 213
1745405321939 0.07448820668401607 214
1745405322082 0.07426079514844265 215
1745405322206 0.07407686706265273 216
1745405322333 0.07385263944040966 217
1745405322468 0.07359872061429303 218
1745405322621 0.07328979826568796 219
1745405322773 0.07290506775185042 220
1745405322937 0.07251356830665462 221
1745405323097 0.07226582532420651 222
1745405323222 0.07206028898793135 223
1745405323388 0.07172678968690814 224
1745405323534 0.07133247958686832 225
1745405323691 0.07092232794759955 226
1745405323827 0.07064166820124974 227
1745405323978 0.07035478037153034 228
1745405324182 0.0700674972149966 229
1745405324339 0.0697679754142371 230
1745405324498 0.06942054378849068 231
1745405324666 0.06909155499416289 232
1745405324811 0.06876795412150485 233
1745405324965 0.0684268426055666 234
1745405325124 0.06811270007610915 235
1745405325275 0.06781248798680548 236
1745405325427 0.06759227088356534 237
1745405325581 0.06724023964052146 238
1745405325725 0.06696460127533108 239
1745405325890 0.06663223504283645 240
1745405326048 0.06636089811518377 241
1745405326213 0.06610803297432556 242
1745405326374 0.06589332430146003 243
1745405326509 0.06574869285410341 244
1745405326646 0.06557487192815424 245
1745405326803 0.06530351974693469 246
1745405326949 0.06505577923960157 247
1745405327099 0.06487916742685775 248
1745405327255 0.06465964247471853 249
1745405327423 0.06444861988502791 250
1745405327588 0.06421162632281804 251
1745405327733 0.06398613139241557 252
1745405327871 0.06382701280490323 253
1745405328048 0.06357107428199106 254
1745405328257 0.0633632715971075 255
1745405328397 0.06318386525726787 256
1745405328535 0.06292994358171221 257
1745405328673 0.062755870845077 258
1745405328865 0.06249660142295239 259
1745405329068 0.06229541018053271 260
1745405329223 0.06207896500871683 261
1745405329361 0.06195143597942146 262
1745405329503 0.06174325822423165 263
1745405329652 0.06158157883642633 264
1745405329793 0.06139413638587621 265
1745405329952 0.06121559232080027 266
1745405330095 0.06098610668462034 267
1745405330229 0.06085798493034345 268
1745405330381 0.06069820503058618 269
1745405330517 0.06059073707020667 270
1745405330665 0.06036575378796932 271
1745405330800 0.06025801626436957 272
1745405330956 0.06002909640381154 273
1745405331099 0.05987781656883514 274
1745405331221 0.05972495151221878 275
1745405331361 0.05960886006050443 276
1745405331501 0.05937248785006672 277
1745405331653 0.0592487941921332 278
1745405331785 0.05902890178699542 279
1745405331949 0.05887100472821631 280
1745405332129 0.0586786460957671 281
1745405332275 0.05849412852636118 282
1745405332431 0.05834170410858638 283
1745405332582 0.05819869296167864 284
1745405332724 0.05800715281352523 285
1745405332884 0.05787182742254347 286
1745405333018 0.05773435894355904 287
1745405333164 0.05760935097891042 288
1745405333323 0.05749455517636989 289
1745405333488 0.05736603341569093 290
1745405333643 0.05713940815964878 291
1745405333810 0.05696162387566523 292
1745405333966 0.05684507787539426 293
1745405334124 0.05668326070934183 294
1745405334286 0.05657450469994841 295
1745405334452 0.05643450171045289 296
1745405334580 0.05630692003444725 297
1745405334698 0.05618679766003548 298
1745405334806 0.05607091409547249 299
1745405334950 0.05594688036060701 300
1745405335108 0.0558038585059774 301
1745405335248 0.05566751864406189 302
1745405335388 0.05554193189683895 303
1745405335534 0.05544189626892917 304
1745405335669 0.05536209527724465 305
1745405335821 0.05524534011965153 306
1745405335969 0.0551312296483304 307
1745405336115 0.05495835929956135 308
1745405336280 0.05481989033749261 309
1745405336428 0.0546756388601469 310
1745405336575 0.05457558593245946 311
1745405336709 0.05441037335645621 312
1745405336868 0.05429461958636525 313
1745405337027 0.05410323400920808 314
1745405337174 0.05401948389160038 315
1745405337303 0.05396284280898028 316
1745405337429 0.05388894560848355 317
1745405337577 0.05377795379916063 318
1745405337722 0.05364297932306612 319
1745405337854 0.05355531101045206 320
1745405338012 0.05341960034419994 321
1745405338159 0.05335208135897267 322
1745405338316 0.05321741080589391 323
1745405338445 0.05312531906107812 324
1745405338604 0.05300676900599421 325
1745405338741 0.05290296201047839 326
1745405338883 0.05282435614981398 327
1745405339017 0.05271175674600992 328
1745405339145 0.05264584863200516 329
1745405339295 0.05249502997036003 330
1745405339429 0.0524043537947458 331
1745405339577 0.05227006776408934 332
1745405339711 0.05217929404032984 333
1745405339843 0.05210826336900899 334
1745405339980 0.0520007926536741 335
1745405340129 0.05185133888224999 336
1745405340281 0.05172712795442182 337
1745405340430 0.05165207286932234 338
1745405340580 0.05147602034317755 339
1745405340722 0.05132699120614559 340
1745405340873 0.05119008558966109 341
1745405341012 0.05110255995325123 342
1745405341145 0.05101164946643682 343
1745405341317 0.05091454765965688 344
1745405341466 0.05080984126366613 345
1745405341600 0.05072131778674546 346
1745405341758 0.05060891536024069 347
1745405341886 0.0505367437713526 348
1745405342039 0.0504120281484773 349
1745405342172 0.05031576503037108 350
1745405342340 0.05018261338447298 351
1745405342470 0.05010736668807779 352
1745405342612 0.04997243083120763 353
1745405342780 0.04984159371971972 354
1745405342927 0.04976932716212394 355
1745405343054 0.04969431920078714 356
1745405343214 0.04955213736313233 357
1745405343357 0.04939172485992158 358
1745405343532 0.04930092172343771 359
1745405343708 0.04919284205304593 360
1745405343846 0.0491187625016299 361
1745405343994 0.0490227195112061 362
1745405344165 0.04890476667270602 363
1745405344338 0.04876314469711281 364
1745405344496 0.04866774227829929 365
1745405344662 0.04857400434868218 366
1745405344798 0.04849347283719798 367
1745405344931 0.04838352224372653 368
1745405345077 0.04826994245976195 369
1745405345222 0.0481736275246271 370
1745405345361 0.04807567441037813 371
1745405345502 0.04797003442017085 372
1745405345655 0.04787286188575639 373
1745405345823 0.04775500120368237 374
1745405345969 0.04763915489033576 375
1745405346112 0.0475352466987913 376
1745405346254 0.04746039950641442 377
1745405346399 0.04736359840488093 378
1745405346544 0.04730372533268607 379
1745405346677 0.04720557851052903 380
1745405346794 0.04715443258542974 381
1745405346915 0.04706690177471498 382
1745405347059 0.04697301557800706 383
1745405347186 0.04686274655507416 384
1745405347328 0.04678723946816517 385
1745405347493 0.04670964205811075 386
1745405347658 0.04660384755821044 387
1745405347799 0.04652887084011818 388
1745405347949 0.0464363058179647 389
1745405348120 0.04630951680133268 390
1745405348247 0.04621001333485959 391
1745405348411 0.04610148380304641 392
1745405348573 0.04599810120386019 393
1745405348704 0.045911716136068 394
1745405348860 0.04579461445702841 395
1745405349018 0.04569159641912824 396
1745405349167 0.04559858994950499 397
1745405349289 0.04552324432932457 398
1745405349444 0.04547297378695433 399
1745405349597 0.04540014256881729 400
1745405349756 0.04526802553330101 401
1745405349890 0.04521372106947776 402
1745405350045 0.04512310234534109 403
1745405350160 0.04506591548325184 404
1745405350287 0.04498615640104354 405
1745405350417 0.04488666326154377 406
1745405350535 0.04483975197420043 407
1745405350673 0.04472844628884014 408
1745405350822 0.04464327298804349 409
1745405350976 0.04455200529840331 410
1745405351125 0.04449436047969641 411
1745405351257 0.04441632012675039 412
1745405351407 0.04435689799718499 413
1745405351567 0.04425689306854023 414
1745405351720 0.04416244597270765 415
1745405351844 0.04410607168110001 416
1745405352006 0.04400072251648347 417
1745405352172 0.0439198644307118 418
1745405352301 0.04384709149150846 419
1745405352449 0.04377110076853068 420
1745405352604 0.04369890986512401 421
1745405352749 0.04361834114035045 422
1745405352874 0.04356560927141159 423
1745405353027 0.04345056529095835 424
1745405353172 0.04335349569624488 425
1745405353304 0.04330879570359535 426
1745405353441 0.04322117275623848 427
1745405353574 0.04314893130210493 428
1745405353733 0.043068394703726 429
1745405353871 0.04301399912929218 430
1745405353992 0.04296011899891662 431
1745405354135 0.04291308570078903 432
1745405354280 0.04283817116776303 433
1745405354415 0.04276102515318132 434
1745405354570 0.04271364327394078 435
1745405354691 0.04265485400911847 436
1745405354806 0.04259592064462678 437
1745405354942 0.04252512683120827 438
1745405355102 0.04243236855458686 439
1745405355235 0.04235069522879581 440
1745405355358 0.04230445671338621 441
1745405355480 0.04225528253139802 442
1745405355625 0.04218319954475872 443
1745405355745 0.04213443142486823 444
1745405355905 0.04206273533636909 445
1745405356047 0.04200544558293462 446
1745405356193 0.04191332575076694 447
1745405356343 0.04183989441540384 448
1745405356491 0.04174564973943732 449
1745405356642 0.04167120089856562 450
1745405356730 0.04163238569363147 451
1745405356858 0.04156295136510991 452
1745405357019 0.04148460805079558 453
1745405357162 0.04141659953358468 454
1745405357277 0.04134738472570886 455
1745405357430 0.0412631243178385 456
1745405357587 0.04118638287684852 457
1745405357740 0.04111185606710609 458
1745405357876 0.04104387234798016 459
1745405358039 0.04094011804432059 460
1745405358216 0.04086978940835845 461
1745405358352 0.04080087567480799 462
1745405358494 0.04074712514881999 463
1745405358631 0.04070461481629604 464
1745405358776 0.04062856034384164 465
1745405358907 0.04057675601417849 466
1745405359058 0.04050115514263 467
1745405359187 0.04042588467726261 468
1745405359308 0.04038611998627653 469
1745405359441 0.04028702027456408 470
1745405359600 0.04021532779347849 471
1745405359733 0.04014791142481958 472
1745405359884 0.04005928665585673 473
1745405360039 0.04000868471618969 474
1745405360188 0.0399231197622311 475
1745405360329 0.03983931524054821 476
1745405360482 0.03974732249010936 477
1745405360627 0.03967508507434856 478
1745405360766 0.03961351785932186 479
1745405360904 0.03956108658816402 480
1745405361045 0.03951650002333663 481
1745405361192 0.03943984155756784 482
1745405361353 0.03937358005100654 483
1745405361501 0.03928095983738965 484
1745405361611 0.03921773356537717 485
1745405361741 0.03916617329467109 486
1745405361898 0.03908178165930084 487
1745405362046 0.03902876453889287 488
1745405362171 0.03899201922647046 489
1745405362324 0.0389089554532718 490
1745405362474 0.03884913451102901 491
1745405362625 0.03876409535681989 492
1745405362725 0.03871457987159502 493
1745405362885 0.03865910100906859 494
1745405363040 0.03858927119618958 495
1745405363175 0.03853554393075124 496
1745405363324 0.03845758032649992 497
1745405363462 0.03839077127367627 498
1745405363611 0.03832129394509724 499
1745405363683 0.03839077127367627 500
