1745402610719 0.6635686846008578 0
1745402610810 0.6557943202778478 1
1745402610906 0.6478754672989419 2
1745402610999 0.6401368773905998 3
1745402611099 0.6327857320913984 4
1745402611198 0.6252341259494776 5
1745402611289 0.6181074958066962 6
1745402611389 0.6107955257370103 7
1745402611481 0.6037258458517206 8
1745402611573 0.5968662911594838 9
1745402611663 0.5911508183965491 10
1745402611756 0.5842219996808138 11
1745402611848 0.5774784447458899 12
1745402611941 0.5707420962698893 13
1745402612038 0.5641231549079715 14
1745402612128 0.5588853954384132 15
1745402612224 0.5526943473618088 16
1745402612317 0.5464047642118504 17
1745402612415 0.540234534008524 18
1745402612503 0.5350793391110816 19
1745402612598 0.5290571393712349 20
1745402612689 0.5230954778962567 21
1745402612785 0.5172455322074807 22
1745402612875 0.5115390922156796 23
1745402612967 0.5058359442627269 24
1745402613065 0.5004800706741022 25
1745402613155 0.4959088168198282 26
1745402613247 0.4904684175717162 27
1745402613336 0.4850890695199068 28
1745402613434 0.4797773943820971 29
1745402613525 0.4745982302833493 30
1745402613616 0.4695504486041484 31
1745402613709 0.46447752438286305 32
1745402613829 0.4596078241554192 33
1745402613922 0.45486421826539625 34
1745402614019 0.4499416687034915 35
1745402614109 0.4452419773283702 36
1745402614205 0.4405986196727574 37
1745402614298 0.43609601745253507 38
1745402614427 0.43167163896355004 39
1745402614523 0.42715722476632073 40
1745402614617 0.42277276547355935 41
1745402614707 0.41923863305858805 42
1745402614795 0.4152174232803889 43
1745402614884 0.41099332615869105 44
1745402614978 0.4068991172814387 45
1745402615075 0.40297499537540166 46
1745402615169 0.398944123418546 47
1745402615262 0.39491541102006184 48
1745402615352 0.3915385531543767 49
1745402615448 0.3877479069112392 50
1745402615542 0.3839569718696294 51
1745402615635 0.3802389188257523 52
1745402615726 0.37651004801396015 53
1745402615814 0.3732566165971164 54
1745402615905 0.3698001439499342 55
1745402615997 0.3661904357288798 56
1745402616094 0.3628931394961092 57
1745402616188 0.35941325395944057 58
1745402616277 0.35607226771092043 59
1745402616370 0.3526453972475519 60
1745402616466 0.34956910451376794 61
1745402616561 0.3464346348508139 62
1745402616650 0.3437272267243084 63
1745402616739 0.34060560405708334 64
1745402616831 0.33746973672946134 65
1745402616921 0.3347807687155457 66
1745402617015 0.3318155960528967 67
1745402617116 0.32881078183136353 68
1745402617212 0.32590174852180076 69
1745402617302 0.3230341760752698 70
1745402617393 0.3202760128546043 71
1745402617488 0.3174286267246466 72
1745402617580 0.31471553992773593 73
1745402617671 0.3121716646368595 74
1745402617757 0.3096320941537212 75
1745402617848 0.3069747594559852 76
1745402617936 0.3043723761502108 77
1745402618028 0.3018544544410577 78
1745402618129 0.2994082260278671 79
1745402618221 0.2972406118798511 80
1745402618315 0.2946960332131513 81
1745402618416 0.2922980190012603 82
1745402618505 0.28988441749498045 83
1745402618597 0.2875280967329342 84
1745402618687 0.28536363694694744 85
1745402618788 0.28301086668250347 86
1745402618881 0.2807861618214059 87
1745402618975 0.27851541477498865 88
1745402619071 0.2763346861605915 89
1745402619165 0.2741380541767799 90
1745402619260 0.2722079328645176 91
1745402619351 0.2700637121077535 92
1745402619448 0.2681043275552072 93
1745402619537 0.2661331619098172 94
1745402619625 0.2643237149944161 95
1745402619716 0.2622871419905895 96
1745402619809 0.2605783523954422 97
1745402619895 0.25865879710178796 98
1745402619983 0.2567324945709739 99
1745402620081 0.2548524069442499 100
1745402620170 0.2530497750723082 101
1745402620260 0.2512428415312782 102
1745402620345 0.24944015423295393 103
1745402620436 0.2481233430997263 104
1745402620523 0.2462438475653928 105
1745402620614 0.24462150698442633 106
1745402620706 0.24311813463772763 107
1745402620797 0.24140988493285367 108
1745402620884 0.2397261357897957 109
1745402620970 0.2380445667749335 110
1745402621061 0.23659772847249308 111
1745402621155 0.23500671991667527 112
1745402621244 0.2334023876119127 113
1745402621347 0.23178573443015504 114
1745402621443 0.23038676506949157 115
1745402621535 0.22894975446656168 116
1745402621621 0.22744226023687175 117
1745402621708 0.22589724528709956 118
1745402621795 0.2244400327976372 119
1745402621883 0.22302693684344305 120
1745402621974 0.22162007469996664 121
1745402622068 0.22017124379506586 122
1745402622158 0.2189021397041713 123
1745402622247 0.21793248994901954 124
1745402622333 0.21657323305911866 125
1745402622421 0.21522851378784952 126
1745402622516 0.21395837803698126 127
1745402622603 0.21261720929477743 128
1745402622687 0.21127460906514628 129
1745402622777 0.21003545887962213 130
1745402622865 0.20875244177367966 131
1745402622949 0.2076099588670943 132
1745402623040 0.2063336527784268 133
1745402623123 0.20511415964019294 134
1745402623214 0.20392991414908623 135
1745402623299 0.2030522626061449 136
1745402623386 0.2021611621961214 137
1745402623480 0.20121546569096893 138
1745402623567 0.20006889417737417 139
1745402623652 0.1989078738158999 140
1745402623731 0.19780818271843098 141
1745402623834 0.1968009468009585 142
1745402623923 0.19566933884231325 143
1745402624034 0.194593459584704 144
1745402624126 0.193620330174435 145
1745402624227 0.19278975021944175 146
1745402624348 0.19172317335026243 147
1745402624475 0.19072677352122955 148
1745402624558 0.189694029767951 149
1745402624678 0.1886467876250589 150
1745402624766 0.1876562472021711 151
1745402624847 0.18669833229563954 152
1745402624945 0.18587590426524897 153
1745402625039 0.18485075355522754 154
1745402625128 0.1839611195593165 155
1745402625215 0.18309366153249473 156
1745402625304 0.18227376054317138 157
1745402625391 0.1813737156921906 158
1745402625475 0.18050612714649972 159
1745402625559 0.17965904572846467 160
1745402625644 0.17884753517186883 161
1745402625726 0.17796154710258436 162
1745402625806 0.1771482028848023 163
1745402625888 0.1763334431920541 164
1745402625971 0.17553337415977502 165
1745402626069 0.17487079237447495 166
1745402626155 0.17399891273247917 167
1745402626245 0.17318585201481157 168
1745402626330 0.1723733701278589 169
1745402626419 0.17150474913956706 170
1745402626504 0.17069575673533735 171
1745402626584 0.16993588999038003 172
1745402626670 0.1692242828324593 173
1745402626748 0.16850525651899462 174
1745402626833 0.16773091950492985 175
1745402626916 0.16702986506738365 176
1745402626998 0.16629201986069014 177
1745402627088 0.16559885755920245 178
1745402627174 0.16493359392670867 179
1745402627269 0.16424207624831388 180
1745402627357 0.16352157265847447 181
1745402627440 0.16288562955382777 182
1745402627527 0.1621970056364013 183
1745402627615 0.16152915017414085 184
1745402627695 0.16089558412204746 185
1745402627781 0.16027351394276057 186
1745402627860 0.15956386763252492 187
1745402627943 0.1589778615135754 188
1745402628025 0.15841592053211723 189
1745402628107 0.15776275016838337 190
1745402628189 0.1572431680950304 191
1745402628284 0.156672445444607 192
1745402628368 0.15605155990408726 193
1745402628447 0.1554397252306798 194
1745402628541 0.1548260856057746 195
1745402628626 0.1542516373248911 196
1745402628710 0.15368008769991456 197
1745402628807 0.1531628618636716 198
1745402628897 0.15263959063345817 199
1745402628976 0.15214259472381106 200
1745402629065 0.1515934015543811 201
1745402629149 0.1510405888691015 202
1745402629236 0.15047665505652033 203
1745402629323 0.14991290241963762 204
1745402629406 0.14938303607577263 205
1745402629488 0.14891040310858725 206
1745402629587 0.14837098026072282 207
1745402629665 0.1478486007481345 208
1745402629755 0.14733785216544035 209
1745402629835 0.1467914527431032 210
1745402629917 0.14621831031301075 211
1745402629998 0.1457729672201083 212
1745402630083 0.14534828316398124 213
1745402630166 0.14489730911654602 214
1745402630250 0.14449638152415045 215
1745402630332 0.1440050013085652 216
1745402630415 0.14357926021314 217
1745402630490 0.14315696637595685 218
1745402630576 0.1426976972318588 219
1745402630653 0.14227349851650628 220
1745402630738 0.14182527443196727 221
1745402630819 0.1415393212768764 222
1745402630891 0.14121076269093505 223
1745402630974 0.14077408950107975 224
1745402631064 0.1402812361724144 225
1745402631150 0.1397372585883459 226
1745402631236 0.1393152481401097 227
1745402631320 0.1388056392842276 228
1745402631407 0.1383956139571838 229
1745402631483 0.1380033519186223 230
1745402631577 0.13758350938147854 231
1745402631665 0.1370776227900793 232
1745402631754 0.13670234336083117 233
1745402631834 0.1363515999934355 234
1745402631919 0.13598258240624359 235
1745402631998 0.13556953978807826 236
1745402632084 0.13528301804946594 237
1745402632162 0.1348543579848305 238
1745402632248 0.13440947045273388 239
1745402632335 0.13404652537990971 240
1745402632421 0.13359795044053135 241
1745402632499 0.13319155581348674 242
1745402632589 0.13284503375784457 243
1745402632663 0.1326132380174125 244
1745402632746 0.13220432581771643 245
1745402632827 0.13180262210704058 246
1745402632907 0.1314047027060302 247
1745402632986 0.13118512193500478 248
1745402633076 0.13079109713255005 249
1745402633158 0.13040466389494298 250
1745402633242 0.13002948711234721 251
1745402633328 0.12959817529231718 252
1745402633410 0.12928826522162834 253
1745402633489 0.12889343817162385 254
1745402633577 0.12847010466667644 255
1745402633660 0.1281013178378665 256
1745402633738 0.12768970939009164 257
1745402633834 0.1274419967342492 258
1745402633919 0.12698595047805822 259
1745402634011 0.12659315746836092 260
1745402634095 0.12623637643675545 261
1745402634175 0.12602333068944443 262
1745402634260 0.12567884514933014 263
1745402634336 0.12537284603029963 264
1745402634416 0.12504847934956442 265
1745402634497 0.12477454591320344 266
1745402634585 0.12442459863688984 267
1745402634659 0.12422856085500046 268
1745402634734 0.12391434550904944 269
1745402634834 0.12372380213223164 270
1745402634917 0.12340495612563437 271
1745402634987 0.12322584025550143 272
1745402635076 0.12289400175749333 273
1745402635153 0.12252622645133501 274
1745402635225 0.12229941533411263 275
1745402635309 0.12210461754522858 276
1745402635391 0.12176532618349262 277
1745402635478 0.12144388778074013 278
1745402635565 0.12108526263093917 279
1745402635635 0.12088463620387684 280
1745402635713 0.1207170315932204 281
1745402635795 0.12033304289599468 282
1745402635876 0.11999931524170739 283
1745402635956 0.11967006446152659 284
1745402636040 0.1193260125722242 285
1745402636116 0.11915257469476821 286
1745402636202 0.1188024490783213 287
1745402636285 0.11862910021183452 288
1745402636366 0.11845371918507032 289
1745402636436 0.11830123070891503 290
1745402636511 0.1179932141114145 291
1745402636598 0.11783245559994887 292
1745402636663 0.11767675902331477 293
1745402636740 0.11736925464002852 294
1745402636833 0.11702560946760825 295
1745402636908 0.11673445225371386 296
1745402636993 0.11643719417079135 297
1745402637063 0.11629175452872724 298
1745402637130 0.11613611937920236 299
1745402637222 0.11584041507692154 300
1745402637307 0.11558310482647699 301
1745402637409 0.11531019439496369 302
1745402637487 0.11507070096554689 303
1745402637569 0.11490667070054957 304
1745402637639 0.11475629845994174 305
1745402637715 0.11453021726243005 306
1745402637797 0.11435038694106921 307
1745402637878 0.1140852214591481 308
1745402637959 0.1138308315458325 309
1745402638050 0.11353635829925678 310
1745402638131 0.11324142489096986 311
1745402638210 0.11297175669436622 312
1745402638312 0.11272130527873399 313
1745402638402 0.11244583731916172 314
1745402638495 0.11219176510010749 315
1745402638564 0.11200323341671814 316
1745402638642 0.11186991232695513 317
1745402638708 0.11169737284192396 318
1745402638817 0.11152540020197457 319
1745402638902 0.11125953666639819 320
1745402638986 0.11110802449663251 321
1745402639075 0.11099720172837729 322
1745402639160 0.11073443946715684 323
1745402639245 0.11057482797360497 324
1745402639328 0.11031819892965915 325
1745402639401 0.11009524181084537 326
1745402639477 0.10997904390849178 327
1745402639552 0.10982581402264208 328
1745402639639 0.10960661067503995 329
1745402639720 0.10938072719700252 330
1745402639793 0.10921856764337122 331
1745402639870 0.10899478761789197 332
1745402639947 0.10885895046370482 333
1745402640039 0.1086514012067009 334
1745402640116 0.10851707476758714 335
1745402640187 0.10835775106378612 336
1745402640251 0.1082314066064577 337
1745402640329 0.10810464375957646 338
1745402640413 0.10797237237361473 339
1745402640490 0.10775742424315313 340
1745402640567 0.107554459315685 341
1745402640646 0.10739753893843004 342
1745402640722 0.1072163771949568 343
1745402640800 0.10710960630645212 344
1745402640875 0.10694203553076288 345
1745402640949 0.10682200204079671 346
1745402641036 0.10669151257499124 347
1745402641111 0.10657768400186739 348
1745402641190 0.10636485272092053 349
1745402641274 0.10614914431328434 350
1745402641356 0.10601126906832947 351
1745402641431 0.10588403116337398 352
1745402641516 0.1056900002737064 353
1745402641606 0.10547711917044501 354
1745402641682 0.10535505318276814 355
1745402641761 0.10519944395202198 356
1745402641838 0.10499487587866171 357
1745402641912 0.10481250574552917 358
1745402641994 0.10460197552970824 359
1745402642080 0.10446951945131329 360
1745402642156 0.10432259745746877 361
1745402642234 0.10419763054715707 362
1745402642312 0.10402916832964201 363
1745402642388 0.1038409559492952 364
1745402642462 0.10373005379967244 365
1745402642531 0.10359147956917114 366
1745402642602 0.10348740588593615 367
1745402642690 0.10333675404847976 368
1745402642782 0.10321257489473516 369
1745402642858 0.10310004110689955 370
1745402642940 0.10293110753716982 371
1745402643038 0.10278462785304777 372
1745402643113 0.10263804864641402 373
1745402643189 0.10250974953782337 374
1745402643265 0.1023669705086176 375
1745402643338 0.10225255347556564 376
1745402643422 0.10212039862112758 377
1745402643481 0.1020198227804626 378
1745402643553 0.10190316999023112 379
1745402643636 0.10169749418516423 380
1745402643702 0.10160245242972091 381
1745402643786 0.10147505234658358 382
1745402643863 0.1013668077916304 383
1745402643928 0.10127371655608834 384
1745402644006 0.10116940599468745 385
1745402644079 0.10103454227067418 386
1745402644159 0.10084843649003829 387
1745402644235 0.10072488801436873 388
1745402644313 0.10061388289598396 389
1745402644403 0.10050615403532188 390
1745402644476 0.10037402915353338 391
1745402644552 0.10026726754028718 392
1745402644646 0.10013878246038346 393
1745402644740 0.1000367320928786 394
1745402644833 0.09985141480404139 395
1745402644907 0.09970284247534587 396
1745402644981 0.09958570386663228 397
1745402645057 0.09949940673363326 398
1745402645139 0.09938358289274575 399
1745402645220 0.09921962978968761 400
1745402645308 0.09903792673642657 401
1745402645393 0.0989112568541939 402
1745402645470 0.09878709275104913 403
1745402645557 0.09862077189974226 404
1745402645639 0.09852550320069696 405
1745402645714 0.09840964973125761 406
1745402645789 0.09832871591866472 407
1745402645874 0.09819389076454178 408
1745402645952 0.09808485931546164 409
1745402646025 0.09800448527595254 410
1745402646105 0.09791542774382574 411
1745402646182 0.0977621370884122 412
1745402646252 0.09768797326114867 413
1745402646328 0.09757927408728617 414
1745402646412 0.09739111500657176 415
1745402646480 0.09731693530571722 416
1745402646550 0.09721323979985681 417
1745402646628 0.09708308896415886 418
1745402646711 0.09697709817707072 419
1745402646787 0.096852168566209 420
1745402646862 0.09675717398196819 421
1745402646943 0.09663595039616338 422
1745402647028 0.0965398047342973 423
1745402647106 0.09642085892321395 424
1745402647187 0.09629167812696977 425
1745402647293 0.09616226511954477 426
1745402647374 0.0960417377152235 427
1745402647461 0.09593663258467795 428
1745402647564 0.0958268901587222 429
1745402647643 0.09573533204958629 430
1745402647715 0.09565395884334281 431
1745402647777 0.0955817566375723 432
1745402647846 0.09549731915131567 433
1745402647932 0.09538915148664719 434
1745402648015 0.09529266742942653 435
1745402648099 0.09518448694117741 436
1745402648165 0.0951084822549546 437
1745402648242 0.09495931456403454 438
1745402648326 0.09486022498482552 439
1745402648410 0.09475930398958031 440
1745402648482 0.09469493592497874 441
1745402648554 0.09463168873457621 442
1745402648631 0.09455607902990118 443
1745402648721 0.09444207545875453 444
1745402648817 0.0943286123375967 445
1745402648891 0.09425386855800615 446
1745402648954 0.09419052489341176 447
1745402649032 0.09407981085212633 448
1745402649109 0.09396757039470885 449
1745402649188 0.09387541892200138 450
1745402649259 0.09378533252946782 451
1745402649335 0.09371597986535889 452
1745402649415 0.09361612268329031 453
1745402649490 0.09352111401298596 454
1745402649567 0.09341832226185898 455
1745402649646 0.09331908083989084 456
1745402649727 0.09323247308138541 457
1745402649800 0.09317198391258005 458
1745402649874 0.09306874319985751 459
1745402649961 0.09296413811164443 460
1745402650051 0.0928647080616375 461
1745402650125 0.0927931501629141 462
1745402650208 0.09271128093646092 463
1745402650282 0.09260706324112866 464
1745402650370 0.09248807021138136 465
1745402650439 0.09241714932645259 466
1745402650511 0.09233975241974035 467
1745402650585 0.09225645386729239 468
1745402650650 0.09219481277143843 469
1745402650730 0.09210949009692543 470
1745402650813 0.09201373354203014 471
1745402650889 0.09191009151632094 472
1745402650965 0.09183431746259615 473
1745402651047 0.0917100883316258 474
1745402651128 0.09162592856221816 475
1745402651201 0.09154536367619746 476
1745402651272 0.09148071368719957 477
1745402651361 0.09138366878548104 478
1745402651439 0.09130098460733274 479
1745402651512 0.09122040425967003 480
1745402651593 0.09111053297636788 481
1745402651673 0.09100533174330251 482
1745402651758 0.09091341633587506 483
1745402651838 0.09081372637184977 484
1745402651912 0.09072897458814809 485
1745402651983 0.09064994457689161 486
1745402652067 0.09051180464516656 487
1745402652143 0.09044629464763637 488
1745402652227 0.09037337468289545 489
1745402652308 0.09027343859669572 490
1745402652394 0.09015429229397956 491
1745402652477 0.09007441059677689 492
1745402652555 0.0899945929699733 493
1745402652639 0.08990451524241963 494
1745402652721 0.08983351969562785 495
1745402652806 0.08973012694220721 496
1745402652884 0.08964180270776884 497
1745402652965 0.08956265452786016 498
1745402653051 0.08947542865285477 499
1745402653086 0.08947542865285477 500
