1745404343164 0.5979197059271478 0
1745404343250 0.5281728383806601 1
1745404343344 0.4677772433614934 2
1745404343434 0.4161624662057361 3
1745404343523 0.37498406488250624 4
1745404343613 0.33766816698850205 5
1745404343703 0.3072007579344606 6
1745404343811 0.280390209444016 7
1745404343898 0.2593976191322797 8
1745404343995 0.23921490475593588 9
1745404344118 0.22380372206562904 10
1745404344209 0.2095008499889337 11
1745404344299 0.1973684268945887 12
1745404344388 0.18567709986995326 13
1745404344467 0.17689667188996872 14
1745404344552 0.1698565388541162 15
1745404344632 0.16279053244778816 16
1745404344712 0.15619608260169718 17
1745404344797 0.15063234589129723 18
1745404344882 0.1462220112311127 19
1745404344969 0.1411251634964587 20
1745404345049 0.13731052225129703 21
1745404345135 0.13404355483082372 22
1745404345210 0.13063599015342306 23
1745404345284 0.1283732420569222 24
1745404345365 0.12523658282698838 25
1745404345442 0.12234964577402355 26
1745404345519 0.11986410411236649 27
1745404345593 0.11865136972343719 28
1745404345655 0.11689565614024847 29
1745404345728 0.11460211439528181 30
1745404345802 0.11324107575278097 31
1745404345878 0.11185100681412712 32
1745404345960 0.11058615401272674 33
1745404346053 0.10938040435975022 34
1745404346129 0.10864429873946292 35
1745404346207 0.10666684927210375 36
1745404346270 0.10587745711722849 37
1745404346334 0.10501330596894658 38
1745404346407 0.10409927599330437 39
1745404346480 0.10246367367263476 40
1745404346556 0.10147060771195615 41
1745404346630 0.10062473451672459 42
1745404346696 0.10011515141776194 43
1745404346771 0.09932392369858989 44
1745404346855 0.09869214544959794 45
1745404346933 0.09737454432045299 46
1745404347024 0.09617486690619095 47
1745404347106 0.09483433340078316 48
1745404347172 0.09420308344570441 49
1745404347233 0.09356131163945497 50
1745404347311 0.09322077809535995 51
1745404347386 0.09238900743849084 52
1745404347451 0.09208634919297363 53
1745404347527 0.09126319205798775 54
1745404347607 0.09076223760565603 55
1745404347688 0.09017228617950679 56
1745404347759 0.08954922341669845 57
1745404347824 0.0890118550438134 58
1745404347896 0.08842670949575583 59
1745404347982 0.08754804934183395 60
1745404348075 0.08693039630677701 61
1745404348155 0.0863323126900414 62
1745404348216 0.08598305681398619 63
1745404348282 0.08546166917211585 64
1745404348354 0.08500833943745166 65
1745404348419 0.08440486585870205 66
1745404348491 0.08384947652728983 67
1745404348571 0.08290064342170862 68
1745404348639 0.0822215170944118 69
1745404348717 0.08170568296525578 70
1745404348796 0.08109331576678586 71
1745404348879 0.08081356026033538 72
1745404348951 0.08015251302233603 73
1745404349028 0.0797215398155804 74
1745404349104 0.07924984130925083 75
1745404349178 0.07866904106380376 76
1745404349254 0.07818977613716528 77
1745404349327 0.07801041966151274 78
1745404349392 0.07748712557802621 79
1745404349466 0.07699828935127563 80
1745404349538 0.07647968601103335 81
1745404349613 0.0759529617747118 82
1745404349680 0.07569373421933044 83
1745404349755 0.07532420316644663 84
1745404349834 0.07473024518409256 85
1745404349904 0.0741585853533309 86
1745404349987 0.07368749114551151 87
1745404350074 0.07334387798070276 88
1745404350157 0.07297360118523342 89
1745404350243 0.07255273041935702 90
1745404350322 0.07179690537998329 91
1745404350407 0.07137047046230385 92
1745404350475 0.07110752310232199 93
1745404350550 0.07068798675257455 94
1745404350614 0.07039709587249 95
1745404350681 0.07011601680637823 96
1745404350734 0.0700365282160917 97
1745404350817 0.06969682790706125 98
1745404350888 0.06929202127088362 99
1745404350960 0.06899734954896836 100
1745404351049 0.06852585505142349 101
1745404351128 0.06814829724011316 102
1745404351208 0.06770452536547916 103
1745404351287 0.06738555632790946 104
1745404351359 0.06699472062174831 105
1745404351415 0.06678272359006553 106
1745404351478 0.06657852329177609 107
1745404351573 0.06599976712328469 108
1745404351643 0.06577406184432404 109
1745404351715 0.06557220254564834 110
1745404351785 0.06521955049558424 111
1745404351866 0.06495049108562505 112
1745404351934 0.06461095346866143 113
1745404352017 0.0642032199441912 114
1745404352097 0.06386138875660417 115
1745404352162 0.06356748458628604 116
1745404352232 0.06322537520453318 117
1745404352311 0.0629106065594271 118
1745404352378 0.06258925323074489 119
1745404352445 0.06236173803185292 120
1745404352509 0.06200608105864817 121
1745404352576 0.06164644565717398 122
1745404352648 0.06130921596179028 123
1745404352722 0.06095084944222534 124
1745404352798 0.06075130908353227 125
1745404352864 0.06063411190284895 126
1745404352939 0.06033659971161507 127
1745404353028 0.05997975561981798 128
1745404353108 0.05950278451126567 129
1745404353171 0.05921299627778404 130
1745404353255 0.05882165862719885 131
1745404353323 0.058635300831463 132
1745404353379 0.05847278021779617 133
1745404353450 0.05810764757702325 134
1745404353528 0.0576319526361416 135
1745404353597 0.05746353788924005 136
1745404353668 0.05725064697127781 137
1745404353743 0.05707072642369291 138
1745404353840 0.05677030979522441 139
1745404353924 0.05663133321404337 140
1745404354008 0.05632551083747409 141
1745404354079 0.05618406728451491 142
1745404354155 0.05592950349107452 143
1745404354216 0.05572806089402602 144
1745404354325 0.05537631036961216 145
1745404354409 0.05493715489601465 146
1745404354483 0.05463512278357526 147
1745404354551 0.05442727347152608 148
1745404354634 0.05428250627483153 149
1745404354718 0.05386089649471803 150
1745404354782 0.05371511911522125 151
1745404354848 0.05353968444133583 152
1745404354922 0.05335844569625844 153
1745404355005 0.05311150062894677 154
1745404355090 0.0528289941516192 155
1745404355163 0.05256846177051369 156
1745404355247 0.05235748871880123 157
1745404355311 0.05224064180706642 158
1745404355388 0.05206472106475714 159
1745404355459 0.0517684827151639 160
1745404355525 0.05156274823709582 161
1745404355605 0.05126900857939678 162
1745404355667 0.0511926307150458 163
1745404355750 0.05086196094005809 164
1745404355812 0.05068227123303933 165
1745404355874 0.05056617377402897 166
1745404355957 0.05035905262948105 167
1745404356037 0.05015897869709748 168
1745404356109 0.04994093706604844 169
1745404356166 0.04988270637977388 170
1745404356237 0.04976953102178361 171
1745404356307 0.04943446419847638 172
1745404356378 0.04922640066233726 173
1745404356450 0.04900692085063724 174
1745404356514 0.04883618456065471 175
1745404356582 0.04852176762211195 176
1745404356653 0.04825363208535852 177
1745404356721 0.04807589116518869 178
1745404356790 0.04787027306546519 179
1745404356836 0.04787860406742645 180
1745404356900 0.04776094937080571 181
1745404356964 0.04753837267776669 182
1745404357035 0.04741333907962958 183
1745404357090 0.04716490895067707 184
1745404357164 0.04703057861003244 185
1745404357233 0.04685658164267756 186
1745404357311 0.0466816938447179 187
1745404357364 0.04654071508242107 188
1745404357426 0.0463296482324456 189
1745404357504 0.04606954760498553 190
1745404357574 0.04588217027234725 191
1745404357634 0.04578484511974189 192
1745404357688 0.04565945211970797 193
1745404357771 0.04534392067012746 194
1745404357841 0.04507968699916095 195
1745404357911 0.04476869249277844 196
1745404357963 0.04470900274450532 197
1745404358045 0.04451442703820645 198
1745404358094 0.04444389685969868 199
1745404358117 0.04807589116518869 200
