1745405594574 0.6585763038953074 0
1745405594666 0.5978838018584519 1
1745405594761 0.5433856992307929 2
1745405594859 0.49541381497418785 3
1745405594950 0.4548787485904047 4
1745405595051 0.4177217401629433 5
1745405595145 0.38492462000540123 6
1745405595233 0.35628858089410387 7
1745405595320 0.3303309900848639 8
1745405595411 0.30696959890379855 9
1745405595501 0.289646134027024 10
1745405595591 0.2716130740795575 11
1745405595678 0.2551346939425576 12
1745405595766 0.24057473726980996 13
1745405595849 0.22622507902562614 14
1745405595938 0.21476298756419998 15
1745405596030 0.20480120443172126 16
1745405596127 0.19549114464080755 17
1745405596210 0.1869446525457189 18
1745405596308 0.18025360737092452 19
1745405596388 0.1740417406570015 20
1745405596464 0.16832284242756415 21
1745405596550 0.16262440879029988 22
1745405596632 0.15785381853081076 23
1745405596719 0.1526420338875964 24
1745405596797 0.14891460959256497 25
1745405596874 0.14546599423948928 26
1745405596954 0.14215317405368758 27
1745405597045 0.1396128845907605 28
1745405597126 0.13615677705499887 29
1745405597198 0.1340538936465099 30
1745405597279 0.1312034357587236 31
1745405597359 0.12803857806713673 32
1745405597442 0.12565451384402246 33
1745405597534 0.12433271033673376 34
1745405597617 0.12209802465396459 35
1745405597699 0.1201364610781468 36
1745405597759 0.11942939742692393 37
1745405597831 0.11780754851888464 38
1745405597908 0.11668415205242584 39
1745405597982 0.11543830097465976 40
1745405598068 0.11441029498862973 41
1745405598136 0.11325539316077611 42
1745405598202 0.1123422719646 43
1745405598282 0.1109953222230903 44
1745405598361 0.10968537208914479 45
1745405598437 0.1086268920147884 46
1745405598519 0.10731382634225226 47
1745405598601 0.10591105261648143 48
1745405598676 0.10528202097359009 49
1745405598748 0.10483262259714422 50
1745405598823 0.1043341171244222 51
1745405598891 0.10353442054594536 52
1745405598962 0.10286325380301403 53
1745405599045 0.10200637452850098 54
1745405599117 0.10116774748138033 55
1745405599192 0.10033884520905174 56
1745405599275 0.09974638894403107 57
1745405599365 0.09893763614509198 58
1745405599431 0.09850808813926581 59
1745405599507 0.0979950200605012 60
1745405599580 0.09739690894561398 61
1745405599658 0.09662181061442723 62
1745405599738 0.09581328025290267 63
1745405599812 0.09512497596684322 64
1745405599887 0.09428225333925545 65
1745405599958 0.09378140643863729 66
1745405600045 0.09334040044525713 67
1745405600123 0.09279962782074942 68
1745405600199 0.0920489408544558 69
1745405600260 0.09178336729128159 70
1745405600330 0.09113328153254986 71
1745405600406 0.09061992637065769 72
1745405600484 0.08999828743660788 73
1745405600560 0.08951176285766224 74
1745405600625 0.08918738382777151 75
1745405600699 0.08851275166180861 76
1745405600775 0.08795017881054071 77
1745405600860 0.08749136517477737 78
1745405600940 0.0869447655163561 79
1745405601009 0.08662915438720983 80
1745405601103 0.08621294403474425 81
1745405601175 0.08562921701560475 82
1745405601267 0.08494080060375203 83
1745405601343 0.08448869044102077 84
1745405601418 0.08423647388100898 85
1745405601493 0.0835021904353631 86
1745405601556 0.08308502301549835 87
1745405601640 0.0825400771578512 88
1745405601704 0.08233936467314107 89
1745405601773 0.08192855944903497 90
1745405601846 0.08138597420578748 91
1745405601920 0.08089210493280224 92
1745405601997 0.08075276498999442 93
1745405602092 0.08036354287541402 94
1745405602152 0.08007779365603793 95
1745405602217 0.07982623978096252 96
1745405602298 0.07936775201860725 97
1745405602377 0.07900222930350381 98
1745405602444 0.07875097332740413 99
1745405602508 0.07851533751757034 100
1745405602579 0.07817334209504384 101
1745405602655 0.07789820972880718 102
1745405602726 0.07765440544257472 103
1745405602798 0.07733766786071165 104
1745405602867 0.07691614141338352 105
1745405602938 0.07672824514205952 106
1745405602996 0.07641860004211035 107
1745405603087 0.07604512722059605 108
1745405603166 0.07552202611934702 109
1745405603241 0.07511952301568792 110
1745405603307 0.0749755758767788 111
1745405603381 0.07462219030006985 112
1745405603455 0.07407045011365604 113
1745405603526 0.07381963870265258 114
1745405603595 0.07355622364746116 115
1745405603663 0.07328188336070668 116
1745405603742 0.07293283374844825 117
1745405603816 0.0726703727121737 118
1745405603879 0.07242416144036835 119
1745405603944 0.07201502059479578 120
1745405604016 0.07177416442574783 121
1745405604096 0.07157000326019679 122
1745405604174 0.07114254890499432 123
1745405604245 0.0709026573759946 124
1745405604317 0.07045905156717133 125
1745405604381 0.07013355490806582 126
1745405604462 0.06976074429853518 127
1745405604542 0.06908229626772701 128
1745405604626 0.06875354276899119 129
1745405604687 0.06855827062385847 130
1745405604752 0.06833002340269974 131
1745405604825 0.068047130250557 132
1745405604887 0.06787018058723171 133
1745405604948 0.0676583970784565 134
1745405605025 0.06726763878790322 135
1745405605088 0.06712630086418338 136
1745405605165 0.06685133915405571 137
1745405605248 0.0665986104601554 138
1745405605386 0.06622789242326343 139
1745405605471 0.06585664841270887 140
1745405605548 0.06533295156864848 141
1745405605618 0.06504820912802299 142
1745405605693 0.0648402820384888 143
1745405605775 0.06458298074141686 144
1745405605842 0.06449999143486583 145
1745405605915 0.06419676337978397 146
1745405605995 0.06390772775120647 147
1745405606089 0.06346327996330481 148
1745405606168 0.06318091122288856 149
1745405606251 0.0630015150959985 150
1745405606325 0.0626912662926976 151
1745405606389 0.06251829925786599 152
1745405606453 0.06222330931114735 153
1745405606534 0.06191446635692669 154
1745405606608 0.06164826271968638 155
1745405606680 0.06145022870663255 156
1745405606758 0.06104901700112494 157
1745405606821 0.06090014326045824 158
1745405606902 0.06061532312367154 159
1745405606982 0.06029295420443853 160
1745405607071 0.06006475748052702 161
1745405607151 0.05975794511125342 162
1745405607214 0.05952722670663628 163
1745405607278 0.05941682443113071 164
1745405607353 0.05908296921798388 165
1745405607429 0.05881150722280025 166
1745405607507 0.05864520613569021 167
1745405607588 0.05824513467230363 168
1745405607653 0.05806301485694561 169
1745405607721 0.05783303645718126 170
1745405607797 0.05742541970045826 171
1745405607867 0.05724200755922465 172
1745405607945 0.05695479844389822 173
1745405608011 0.05676755363410767 174
1745405608085 0.05656251154234161 175
1745405608158 0.05633622145081518 176
1745405608234 0.05622550530148945 177
1745405608310 0.0558635414494128 178
1745405608364 0.05572434104296465 179
1745405608428 0.05555221675949597 180
1745405608498 0.05537105701974651 181
1745405608558 0.05529117939107508 182
1745405608630 0.05523121626148676 183
1745405608689 0.05507948028632446 184
1745405608766 0.05492758490600347 185
1745405608825 0.05479307521950386 186
1745405608885 0.05472091134589856 187
1745405608954 0.05446072915544013 188
1745405609029 0.0541850356427454 189
1745405609103 0.05399469262360732 190
1745405609176 0.05380957169139415 191
1745405609237 0.0535019340285979 192
1745405609306 0.05328270531197479 193
1745405609373 0.05308012930524064 194
1745405609457 0.05267846962357819 195
1745405609542 0.05248446514227063 196
1745405609610 0.05231810365973796 197
1745405609679 0.05206789851922838 198
1745405609734 0.05203179119468409 199
1745405609814 0.05181386197576603 200
1745405609880 0.05169944626832695 201
1745405609948 0.0516200643853891 202
1745405610007 0.05145901405483109 203
1745405610089 0.05121477611930979 204
1745405610164 0.05099323067899459 205
1745405610232 0.05085340964362192 206
1745405610314 0.05058656288791802 207
1745405610378 0.05039030618825967 208
1745405610444 0.05019279327855064 209
1745405610522 0.04996878552243171 210
1745405610596 0.04979608666814313 211
1745405610673 0.04961769048167461 212
1745405610752 0.04936414914384451 213
1745405610824 0.04907722013025219 214
1745405610885 0.04895531163222868 215
1745405610963 0.04883679686053605 216
1745405611045 0.0486988447511927 217
1745405611125 0.04838213059442188 218
1745405611191 0.04831968438259505 219
1745405611282 0.04799520425726269 220
1745405611357 0.04769866949524234 221
1745405611427 0.04757905700207053 222
1745405611486 0.04747756679140308 223
1745405611545 0.0473363684859436 224
1745405611627 0.04715609795253536 225
1745405611702 0.04698961109599094 226
1745405611770 0.04680039033891705 227
1745405611842 0.04669926029210601 228
1745405611918 0.04644358798599211 229
1745405612001 0.04628973045448942 230
1745405612068 0.04617858211012617 231
1745405612159 0.04589544213474478 232
1745405612224 0.04575327198242291 233
1745405612286 0.04559324020249549 234
1745405612357 0.04542687231655158 235
1745405612431 0.04533292656615813 236
1745405612489 0.04526616747477219 237
1745405612552 0.04519505680083378 238
1745405612631 0.04505398162290225 239
1745405612718 0.04473615890752464 240
1745405612791 0.04451695072952576 241
1745405612878 0.04440556818033992 242
1745405612934 0.04431079774421984 243
1745405613002 0.04408394049278749 244
1745405613076 0.04391369954261294 245
1745405613146 0.04379053365972978 246
1745405613214 0.04367544992277094 247
1745405613292 0.04353439111786681 248
1745405613372 0.04342225643146939 249
1745405613444 0.04328542166026751 250
1745405613508 0.04312472607128529 251
1745405613574 0.04293650246947932 252
1745405613638 0.04281316904701724 253
1745405613709 0.04264093328960705 254
1745405613787 0.04245967925893211 255
1745405613847 0.04236031377379589 256
1745405613921 0.04222018859584575 257
1745405613998 0.04202684648425888 258
1745405614074 0.04190487921871899 259
1745405614146 0.04176344398876484 260
1745405614215 0.04162120939541989 261
1745405614289 0.04141314260641148 262
1745405614357 0.04128459054019111 263
1745405614438 0.04111118749429959 264
1745405614504 0.04103970832982817 265
1745405614573 0.04093347932666552 266
1745405614653 0.04083971377243542 267
1745405614724 0.04072330729993695 268
1745405614792 0.0406000007314113 269
1745405614859 0.04050574089696507 270
1745405614911 0.04042198219662336 271
1745405614985 0.04030957169325102 272
1745405615057 0.04017155019573707 273
1745405615141 0.03993319913249595 274
1745405615201 0.03986282359891746 275
1745405615273 0.03973752709582737 276
1745405615332 0.0396039516191441 277
1745405615398 0.03949424793237215 278
1745405615470 0.03938425276275702 279
1745405615531 0.03925537031468206 280
1745405615593 0.03922167064753609 281
1745405615650 0.03911186539422806 282
1745405615721 0.03902746343691751 283
1745405615791 0.03886075686836982 284
1745405615868 0.03878292131753212 285
1745405615933 0.0387079503283331 286
1745405616003 0.03852952801779487 287
1745405616093 0.03844625260633394 288
1745405616155 0.03830328695641441 289
1745405616238 0.03816125889068879 290
1745405616314 0.03798155269173475 291
1745405616385 0.0378610930821062 292
1745405616456 0.03779165739895642 293
1745405616525 0.03770303446294996 294
1745405616599 0.03759294392379551 295
1745405616664 0.03747428320709278 296
1745405616735 0.03742172640727145 297
1745405616798 0.03732114183229687 298
1745405616859 0.03722066900699388 299
1745405616934 0.03706899717793089 300
1745405617009 0.03693951942945568 301
1745405617093 0.03669267240835865 302
1745405617117 0.0396039516191441 303
