1745405494351 0.5706799631029742 0
1745405494516 0.5020290795177617 1
1745405494711 0.44128358498704356 2
1745405494890 0.39015962930208026 3
1745405495068 0.3461904332245147 4
1745405495241 0.3084783843356133 5
1745405495424 0.27669324190625716 6
1745405495603 0.24819935524054024 7
1745405495777 0.22580191455645762 8
1745405495959 0.20569219743763825 9
1745405496142 0.1886287660378277 10
1745405496334 0.17283554081618938 11
1745405496511 0.16016528674712485 12
1745405496689 0.14927469544608918 13
1745405496851 0.13985972794810594 14
1745405497000 0.13233872979984612 15
1745405497155 0.1259241416435516 16
1745405497323 0.1192804648537938 17
1745405497492 0.11344191130834493 18
1745405497662 0.10841323759951747 19
1745405497802 0.10398790734539606 20
1745405497945 0.10094609433460985 21
1745405498087 0.0979319310034628 22
1745405498246 0.09504419000897872 23
1745405498393 0.09265332678980719 24
1745405498534 0.0902117741459656 25
1745405498678 0.08793970661163035 26
1745405498814 0.08614950395115346 27
1745405498952 0.08431462168771545 28
1745405499103 0.08198763444799101 29
1745405499255 0.07905169510744178 30
1745405499396 0.07772301906993068 31
1745405499547 0.0763225110981464 32
1745405499681 0.075246180342568 33
1745405499821 0.07369701075556097 34
1745405499978 0.07147920826375948 35
1745405500102 0.07072476237682981 36
1745405500214 0.06976144529482689 37
1745405500341 0.06869562594184901 38
1745405500458 0.06797510769277389 39
1745405500615 0.06703190181893387 40
1745405500752 0.06629281153009035 41
1745405500873 0.06556169105663115 42
1745405500996 0.06486414577959614 43
1745405501133 0.06369770601149385 44
1745405501287 0.06260525495779969 45
1745405501419 0.06213793307089985 46
1745405501606 0.06039296015075454 47
1745405501755 0.05929374310157875 48
1745405501881 0.05859521371619453 49
1745405501996 0.05809538413445121 50
1745405502160 0.05734175713985573 51
1745405502299 0.05637301372753512 52
1745405502448 0.05565323228540675 53
1745405502570 0.05514938775205252 54
1745405502715 0.05413206183714704 55
1745405502848 0.05345622576420712 56
1745405502990 0.05295503672227563 57
1745405503148 0.05233144468407263 58
1745405503282 0.05179512851760287 59
1745405503398 0.05155940202111084 60
1745405503533 0.05101829903827595 61
1745405503671 0.05053771408869495 62
1745405503782 0.05017840865379587 63
1745405503900 0.04982778278973917 64
1745405504042 0.04949070808622173 65
1745405504175 0.04896116507415714 66
1745405504333 0.04821056528531553 67
1745405504466 0.04765936985320802 68
1745405504616 0.04720814707533303 69
1745405504734 0.04673733366240128 70
1745405504879 0.04604906094420047 71
1745405505004 0.04563891013397076 72
1745405505145 0.0451511645005787 73
1745405505286 0.04472103539254531 74
1745405505414 0.04431783674541453 75
1745405505576 0.04359669842350847 76
1745405505705 0.04316435993957198 77
1745405505855 0.04244820319057743 78
1745405505988 0.04209094779198096 79
1745405506125 0.04160586582300109 80
1745405506281 0.04107006369678556 81
1745405506416 0.04074407301897564 82
1745405506548 0.04042793362933263 83
1745405506651 0.04024747466041869 84
1745405506769 0.03989240445512489 85
1745405506922 0.03933663619641608 86
1745405507077 0.03903403542783506 87
1745405507199 0.03866116231868123 88
1745405507337 0.03813418806538263 89
1745405507480 0.03787212614656277 90
1745405507613 0.03763292765707416 91
1745405507730 0.03732262204900052 92
1745405507877 0.03681750608198045 93
1745405508011 0.03642145273004712 94
1745405508155 0.03600262683916518 95
1745405508270 0.03573469384922828 96
1745405508396 0.03541008332821042 97
1745405508567 0.03496618584149742 98
1745405508697 0.03466596959425275 99
1745405508819 0.03433839500110605 100
1745405508938 0.03405897230970944 101
1745405509038 0.03386060847429845 102
1745405509139 0.03353608988237786 103
1745405509281 0.03315607990869537 104
1745405509399 0.0328839568604422 105
1745405509538 0.03246183658632239 106
1745405509615 0.03241987471290534 107
1745405509745 0.03209026800359018 108
1745405509853 0.03195297074311552 109
1745405510002 0.03148229612147312 110
1745405510114 0.0312517175360629 111
1745405510246 0.03090336384529707 112
1745405510379 0.03049354554998783 113
1745405510506 0.03031408503565665 114
1745405510642 0.03007187795281251 115
1745405510759 0.02986105987712476 116
1745405510897 0.02957975356182807 117
1745405511024 0.02917705125141843 118
1745405511141 0.02901890044213347 119
1745405511258 0.02887424928138962 120
1745405511366 0.02871201920110416 121
1745405511505 0.02849211349586287 122
1745405511608 0.02836116628870853 123
1745405511744 0.02819986165594447 124
1745405511851 0.02801126293108751 125
1745405511968 0.02781319506543985 126
1745405512113 0.02757076820710584 127
1745405512239 0.02728629205101632 128
1745405512350 0.0270774648230941 129
1745405512448 0.02694853467445563 130
1745405512613 0.02666337042919453 131
1745405512735 0.02641521160106 132
1745405512855 0.02628988718646093 133
1745405512990 0.02597570468074523 134
1745405513128 0.02573731082281156 135
1745405513268 0.02538375016720829 136
1745405513386 0.02525911929226001 137
1745405513527 0.02502764436524007 138
1745405513642 0.02492978351305839 139
1745405513751 0.024772461929683 140
1745405513874 0.0245229018557002 141
1745405514030 0.02421650813105048 142
1745405514145 0.02406754765344451 143
1745405514297 0.02381164828824649 144
1745405514398 0.02368966278551154 145
1745405514538 0.02342554299548151 146
1745405514699 0.0230584349337779 147
1745405514823 0.02288728826914976 148
1745405514958 0.02268646513360041 149
1745405515098 0.02247659874394186 150
1745405515230 0.02224511646771373 151
1745405515344 0.02212545099368288 152
1745405515433 0.02199339588788395 153
1745405515546 0.02184505420232474 154
1745405515692 0.02156229840817245 155
1745405515844 0.02131254647938691 156
1745405515967 0.02114225351235295 157
1745405516100 0.0209723192822598 158
1745405516222 0.02084313384903509 159
1745405516394 0.02059366206326657 160
1745405516504 0.020483146262267 161
1745405516624 0.02033523868644853 162
1745405516772 0.02015036761311466 163
1745405516948 0.02492978351305839 164
