1745405849188 0.6452791049083475 0
1745405849508 0.5788847249188175 1
1745405849872 0.5188021060245108 2
1745405850229 0.46601866678194825 3
1745405850568 0.42074109347072014 4
1745405850931 0.3788487855423326 5
1745405851320 0.34223791612348115 6
1745405851692 0.3093343725412752 7
1745405852004 0.28026572877946687 8
1745405852348 0.2547011452450068 9
1745405852638 0.23169883110979855 10
1745405853007 0.21115508293857177 11
1745405853347 0.19296818561573376 12
1745405853683 0.17726589549247318 13
1745405854004 0.16260306890163098 14
1745405854323 0.15091564729389165 15
1745405854643 0.14001483653825533 16
1745405854992 0.13015446409659526 17
1745405855322 0.12119526439151812 18
1745405855644 0.1132350806076206 19
1745405855960 0.10588316803536074 20
1745405856294 0.09954099338406146 21
1745405856606 0.09352664719797797 22
1745405856956 0.08859231189863734 23
1745405857294 0.08383694591551612 24
1745405857643 0.07924791751122785 25
1745405857942 0.07535722383316742 26
1745405858253 0.07159835497763334 27
1745405858524 0.06857378681840905 28
1745405858794 0.06580817421101709 29
1745405859046 0.06362012005636443 30
1745405859356 0.06092638139447228 31
1745405859662 0.05843806621763733 32
1745405859917 0.05663050387605778 33
1745405860188 0.05509192552101663 34
1745405860472 0.0535555755419334 35
1745405860699 0.05236248933062041 36
1745405860924 0.05109861571464278 37
1745405861213 0.0496430306943091 38
1745405861500 0.04857230277994342 39
1745405861777 0.04739500258322797 40
1745405862060 0.04613580130061879 41
1745405862281 0.0451535383095541 42
1745405862487 0.04458258675099763 43
1745405862796 0.04352374598464764 44
1745405862999 0.04274794354260175 45
1745405863231 0.04188249517116129 46
1745405863549 0.04061485680931159 47
1745405863834 0.03970070280221354 48
1745405864074 0.03908699855334513 49
1745405864337 0.03842494195802535 50
1745405864621 0.0377143608070379 51
1745405864958 0.03656855236705187 52
1745405865196 0.03593180482610584 53
1745405865461 0.03496292845963716 54
1745405865707 0.03426063733051234 55
1745405865952 0.03359300731183849 56
1745405866146 0.03323439666966485 57
1745405866388 0.03273915898446898 58
1745405866597 0.03236202499242757 59
1745405866844 0.03186723129877352 60
1745405867090 0.0314278892451467 61
1745405867395 0.03066409535927103 62
1745405867609 0.03024719342686423 63
1745405867847 0.02991297947868194 64
1745405868132 0.0293787974260178 65
1745405868333 0.02907655432696626 66
1745405868637 0.02833606899381871 67
1745405868882 0.02779384168618882 68
1745405869192 0.02718003529173567 69
1745405869481 0.02677642222758969 70
1745405869802 0.02610637926066364 71
1745405870062 0.02563719586038582 72
1745405870316 0.02529181066375274 73
1745405870574 0.02503174908288367 74
1745405870791 0.02474586217013991 75
1745405871007 0.02442835870284134 76
1745405871318 0.02393665093410485 77
1745405871637 0.02348336895044175 78
1745405871874 0.02326087559222719 79
1745405872170 0.02281455443399861 80
1745405872450 0.02246899337294989 81
1745405872779 0.02188999578159792 82
1745405873058 0.02146762992068043 83
1745405873356 0.02111270687834848 84
1745405873661 0.02068670805776563 85
1745405873912 0.02029709251639677 86
1745405874117 0.02010287966376051 87
1745405874394 0.01979965358456695 88
1745405874677 0.01935316289701989 89
1745405874935 0.01913130692439076 90
1745405875121 0.01897112516675538 91
1745405875427 0.01865681287674943 92
1745405875645 0.01850160881648663 93
1745405875950 0.0181622567750868 94
1745405876235 0.01791608050223738 95
1745405876578 0.01755925953339452 96
1745405876816 0.01734280118365202 97
1745405877016 0.01718281898952889 98
1745405877234 0.0169880251113131 99
1745405877390 0.01680910500252542 100
1745405877609 0.01667790058547923 101
1745405877791 0.0165617570936076 102
1745405877963 0.01637829676140775 103
1745405878190 0.01617750530557755 104
1745405878450 0.01594862656981121 105
1745405878690 0.01578015033699593 106
1745405878865 0.01566816794575782 107
1745405879144 0.01542715982332271 108
1745405879349 0.01525328336858367 109
1745405879578 0.0150947229999957 110
1745405879802 0.01488967539859271 111
1745405880135 0.01457106222534119 112
1745405880469 0.01428392522677502 113
1745405880708 0.01410810623644072 114
1745405881014 0.01387823456927309 115
1745405881352 0.01365576869351692 116
1745405881694 0.01339100907337033 117
1745405881899 0.01326559776302869 118
1745405882211 0.01303413351055872 119
1745405882456 0.012856709074908 120
1745405882738 0.01268585916078288 121
1745405882956 0.01256418986290226 122
1745405883220 0.01239535468624597 123
1745405883381 0.0123309119732794 124
1745405883682 0.01210102609567779 125
1745405883918 0.01197167147925669 126
1745405884205 0.01184486673334988 127
1745405884441 0.01167878041784902 128
1745405884738 0.01149585967744354 129
1745405884990 0.01133564010673233 130
1745405885246 0.01123947020329751 131
1745405885495 0.01113367940043708 132
1745405885669 0.01108326563135711 133
1745405885911 0.01094623024904905 134
1745405886197 0.01081088113758794 135
1745405886383 0.01073352080625668 136
1745405886633 0.0105820651918298 137
1745405886866 0.01046404225406485 138
1745405887154 0.01410810623644072 139
