1745405991535 0.5715580458260382 0
1745405991742 0.4670016960528587 1
1745405991943 0.38359728240321755 2
1745405992156 0.31787642728443055 3
1745405992343 0.26728688517487825 4
1745405992540 0.2252196386002548 5
1745405992752 0.1920919950030726 6
1745405992947 0.1653519730173079 7
1745405993132 0.14449736362874008 8
1745405993329 0.12793980546015982 9
1745405993498 0.11447248798417144 10
1745405993666 0.1038793261876031 11
1745405993983 0.09472945786568324 12
1745405994368 0.08691743066974487 13
1745405994705 0.08056164330302533 14
1745405995026 0.07567702987970706 15
1745405995273 0.07187998247273653 16
1745405995555 0.06823168138263982 17
1745405995792 0.06543877484751132 18
1745405996118 0.06186048429191203 19
1745405996389 0.05945469016443538 20
1745405996651 0.05687057248783695 21
1745405996950 0.05378996045910107 22
1745405997241 0.05160614266015383 23
1745405997450 0.05037890178750118 24
1745405997713 0.04836692553810167 25
1745405997946 0.04707894279572641 26
1745405998246 0.04579867941788216 27
1745405998510 0.04411168751935882 28
1745405998736 0.04297357852379304 29
1745405998973 0.0417928183389492 30
1745405999241 0.04032462360762143 31
1745405999490 0.03926739142789949 32
1745405999750 0.03813198754222007 33
1745405999978 0.03712849931176521 34
1745406000184 0.03629968276746268 35
1745406000388 0.03554276433399569 36
1745406000646 0.0344078068172038 37
1745406000966 0.0331746038042573 38
1745406001173 0.03259056928395084 39
1745406001473 0.03160396739000165 40
1745406001731 0.03086007188136531 41
1745406002003 0.02994874144260759 42
1745406002193 0.02951032597459449 43
1745406002462 0.02880731074883113 44
1745406002751 0.02814362791955934 45
1745406003006 0.02752487450313638 46
1745406003263 0.02697398493187241 47
1745406003570 0.02607149550275994 48
1745406003804 0.02544459673996302 49
1745406004032 0.024928982005106 50
1745406004300 0.02431818456181413 51
1745406004557 0.02372319638525171 52
1745406004784 0.02326490420140837 53
1745406005007 0.02277137603747572 54
1745406005313 0.02210588680458331 55
1745406005578 0.02153280023974149 56
1745406005864 0.02097280161310842 57
1745406006180 0.02034171614404152 58
1745406006407 0.01998177047166874 59
1745406006638 0.01966943847816437 60
1745406006778 0.01951777478260585 61
1745406007031 0.01911857961992561 62
1745406007298 0.01869994893076041 63
1745406007539 0.01824173604842418 64
1745406007752 0.01790430176887802 65
1745406007894 0.01780765440878017 66
1745406008230 0.01716635542666296 67
1745406008486 0.01688432334160654 68
1745406008795 0.01633033200893913 69
1745406008982 0.01607428966037761 70
1745406009128 0.01597096858592206 71
1745406009329 0.01568215599829161 72
1745406009486 0.01552029292716172 73
1745406009747 0.01514268619484439 74
1745406010010 0.01478544190888808 75
1745406010225 0.01458919898795414 76
1745406010507 0.01423364186462372 77
1745406010788 0.01382952966492428 78
1745406011021 0.01363152763673277 79
1745406011261 0.01340268156259206 80
1745406011557 0.01305926549763558 81
1745406011712 0.01293816383060315 82
1745406011889 0.01279193170568223 83
1745406012198 0.01242927623868945 84
1745406012382 0.01225218041115207 85
1745406012602 0.01211899159645125 86
1745406012797 0.01199165555367325 87
1745406012967 0.01186091489346647 88
1745406013247 0.01160281542901148 89
1745406013522 0.01138343315536487 90
1745406013809 0.0110115216080967 91
1745406014126 0.01070696568855229 92
1745406014402 0.0104292345664505 93
1745406014711 0.01011514290850332 94
1745406014937 0.01000053576613467 95
1745406015227 0.00978053440105641 96
1745406015443 0.00966232429367014 97
1745406015649 0.00950166566112425 98
1745406015923 0.00926568317921535 99
1745406016188 0.00903164335738932 100
1745406016460 0.0088267438567196 101
1745406016761 0.00856501811646995 102
1745406016967 0.00843498537050896 103
1745406017080 0.0083663409631924 104
1745406017321 0.00817162487736752 105
1745406017551 0.00798493900325421 106
1745406017792 0.00779752030793246 107
1745406018071 0.007615906358434 108
1745406018369 0.00739818572617376 109
1745406018524 0.00733727764637525 110
1745406018760 0.00721226922091256 111
1745406019019 0.00703948915938367 112
1745406019356 0.00682517157147827 113
1745406019533 0.00672969410198817 114
1745406019752 0.00663117420224581 115
1745406020011 0.00648870222104919 116
1745406020271 0.0063302836264055 117
1745406020543 0.00615390427122027 118
1745406020818 0.00600809349196015 119
1745406021039 0.00592676140338922 120
1745406021196 0.00585278064137061 121
1745406021501 0.00568377680791038 122
1745406021763 0.00556970743880057 123
1745406021988 0.00545782216504354 124
1745406022177 0.00537463736174977 125
1745406022504 0.0052441968201586 126
1745406022771 0.00515359122829233 127
1745406022829 0.00856501811646995 128
