1745405750047 0.6321634636582368 0
1745405750110 0.5306220750742973 1
1745405750162 0.452133578522205 2
1745405750220 0.39392405315812434 3
1745405750273 0.3528313248125423 4
1745405750330 0.3187448741165462 5
1745405750380 0.2938900888566511 6
1745405750430 0.2738180997961424 7
1745405750473 0.25979376037398433 8
1745405750525 0.2465825283127908 9
1745405750592 0.2373270209077408 10
1745405750639 0.23113432208224857 11
1745405750691 0.22170232564225353 12
1745405750741 0.2119173758429533 13
1745405750786 0.20678669082364062 14
1745405750828 0.20328644041556565 15
1745405750866 0.20107355266308335 16
1745405750910 0.19696106167132213 17
1745405750949 0.192379514348598 18
1745405750990 0.18865999953050122 19
1745405751024 0.1871437014842732 20
1745405751067 0.18382621873960112 21
1745405751106 0.18050869303276437 22
1745405751148 0.1789730444862755 23
1745405751189 0.17729514517156078 24
1745405751242 0.174019583877059 25
1745405751303 0.17236480836461 26
1745405751350 0.1705903825828174 27
1745405751390 0.1678004677215261 28
1745405751434 0.1657486187432439 29
1745405751477 0.16385813506283553 30
1745405751516 0.1625941902338444 31
1745405751561 0.160981246732494 32
1745405751607 0.15919550377501368 33
1745405751652 0.15844557005081464 34
1745405751691 0.1575981986573578 35
1745405751744 0.155804991536514 36
1745405751783 0.1544598120525579 37
1745405751829 0.15356515306674207 38
1745405751880 0.1513676651652065 39
1745405751930 0.15038637724650933 40
1745405751969 0.1490595080806362 41
1745405752015 0.14817849880286182 42
1745405752077 0.14729378722277206 43
1745405752124 0.14571436704615126 44
1745405752161 0.14500127874896007 45
1745405752201 0.14415055365912469 46
1745405752242 0.14321890010544633 47
1745405752291 0.14146682999723467 48
1745405752344 0.14034958091203067 49
1745405752383 0.1396798797531926 50
1745405752422 0.13938083173576601 51
1745405752480 0.13814404570163183 52
1745405752525 0.1373811426142544 53
1745405752568 0.13659531836729574 54
1745405752613 0.13563503716918074 55
1745405752658 0.1348713629846047 56
1745405752703 0.1341688599942082 57
1745405752745 0.1335599076194145 58
1745405752786 0.13268194822965165 59
1745405752822 0.13188584130603473 60
1745405752864 0.13142956908173442 61
1745405752910 0.13084617122838138 62
1745405752958 0.12975480294286873 63
1745405753002 0.1291878839151122 64
1745405753049 0.12881653285784692 65
1745405753100 0.1282032490437814 66
1745405753143 0.12724781664839657 67
1745405753187 0.1267561686855752 68
1745405753231 0.12609849296833883 69
1745405753275 0.1250570408711807 70
1745405753324 0.1239488703459977 71
1745405753362 0.12351949163608365 72
1745405753411 0.12316068106035273 73
1745405753449 0.12319193713847211 74
1745405753486 0.12292013818979225 75
1745405753534 0.1215193512878395 76
1745405753579 0.12117453426886222 77
1745405753624 0.12084884575207973 78
1745405753671 0.1200649328911117 79
1745405753717 0.11886099172268809 80
1745405753760 0.1181740533873244 81
1745405753807 0.11722985377876895 82
1745405753846 0.11594999525289457 83
1745405753890 0.11539269151198384 84
1745405753927 0.11522053310206656 85
1745405753977 0.11422442318744216 86
1745405754013 0.11418135380269466 87
1745405754056 0.11364734728907572 88
1745405754103 0.11313648891375983 89
1745405754143 0.11283575752822571 90
1745405754181 0.11251716014753414 91
1745405754228 0.11174246183892943 92
1745405754270 0.11146218874768807 93
1745405754310 0.11132547681458936 94
1745405754353 0.11087257879053511 95
1745405754396 0.11031807390412239 96
1745405754444 0.11002113577071929 97
1745405754486 0.10947201981575036 98
1745405754533 0.10890274496291309 99
1745405754574 0.10858596779971365 100
1745405754622 0.10853445186884007 101
1745405754667 0.10834319899184673 102
1745405754712 0.10781756992371817 103
1745405754750 0.10753687932003403 104
1745405754785 0.10733589978551095 105
1745405754826 0.10712967088103953 106
1745405754872 0.10654482678005398 107
1745405754914 0.10617694904171608 108
1745405754956 0.10587851862190674 109
1745405754995 0.10555347225271507 110
1745405755040 0.10513655913841893 111
1745405755087 0.10480651826127221 112
1745405755128 0.10432236705727002 113
1745405755179 0.10382078623588586 114
1745405755218 0.1036551981748399 115
1745405755264 0.10331263845421222 116
1745405755302 0.10309781691705208 117
1745405755349 0.1029098643136653 118
1745405755387 0.10247817062133666 119
1745405755428 0.10218453374999432 120
1745405755476 0.10196638178450645 121
1745405755510 0.10163808548763276 122
1745405755556 0.10129889475865542 123
1745405755596 0.10116257299763719 124
1745405755638 0.1007355857704288 125
1745405755688 0.10006132230108694 126
1745405755728 0.09966180623690912 127
1745405755775 0.09914013159363057 128
1745405755818 0.09889138456532362 129
1745405755855 0.09862174028438861 130
1745405755893 0.09833713067447056 131
1745405755938 0.09813053820853476 132
1745405755981 0.09809097908612345 133
1745405756028 0.09763016817789469 134
1745405756082 0.0972268053248444 135
1745405756117 0.09695872253298826 136
1745405756154 0.09677583050042675 137
1745405756202 0.09653497900238478 138
1745405756250 0.09599103333168854 139
1745405756295 0.09578427667619421 140
1745405756345 0.09563120863492068 141
1745405756384 0.09551749303064594 142
1745405756428 0.09536320588975931 143
1745405756470 0.09475929998853647 144
1745405756517 0.09415665594510426 145
1745405756555 0.09402674745130948 146
1745405756596 0.09376478892163936 147
1745405756641 0.09307883851928897 148
1745405756688 0.09273659347635778 149
1745405756722 0.09249433482667178 150
1745405756760 0.09230769412488542 151
1745405756796 0.09212371478852902 152
1745405756845 0.09167298197231062 153
1745405756890 0.09148568125001119 154
1745405756926 0.09107573345713972 155
1745405756966 0.09085645350144897 156
1745405757005 0.0906349020533772 157
1745405757051 0.09042576746964053 158
1745405757097 0.08998146667275532 159
1745405757144 0.08953270987198914 160
1745405757190 0.08912157811099371 161
1745405757232 0.08896436052602509 162
1745405757271 0.08872765786832709 163
1745405757311 0.08831933314400955 164
1745405757360 0.08789547644633985 165
1745405757404 0.08774651671734576 166
1745405757443 0.08755940354204915 167
1745405757494 0.08715433990393619 168
1745405757538 0.08691155723763908 169
1745405757581 0.0864828026689322 170
1745405757630 0.08617959381324371 171
1745405757666 0.08592446270003883 172
1745405757707 0.08567225877080252 173
1745405757744 0.08543605250848059 174
1745405757782 0.08536862796971662 175
1745405757820 0.08522428607032569 176
1745405757859 0.08500470172084319 177
1745405757899 0.08484549351345656 178
1745405757935 0.08466606542244558 179
1745405757973 0.08443436075497783 180
1745405758018 0.08400595377627361 181
1745405758056 0.08377933718222559 182
1745405758102 0.08349211379529452 183
1745405758136 0.08329866480237941 184
1745405758180 0.08317473265452342 185
1745405758221 0.08304500019647502 186
1745405758260 0.08293206001732854 187
1745405758302 0.08280940130597937 188
1745405758337 0.0826979975677772 189
1745405758387 0.08237306858623522 190
1745405758423 0.08223140315981027 191
1745405758460 0.0820718784764605 192
1745405758499 0.081994390317312 193
1745405758533 0.08191135943338952 194
1745405758576 0.08146978742397075 195
1745405758618 0.08125055392023647 196
1745405758656 0.0810961022531745 197
1745405758702 0.08079824694754256 198
1745405758748 0.08049717832059626 199
1745405758793 0.08038398876754876 200
1745405758840 0.08023557745746163 201
1745405758883 0.0800227565703589 202
1745405758924 0.07980021242134297 203
1745405758970 0.07947017480085417 204
1745405759015 0.07904754580764661 205
1745405759068 0.07857254028081052 206
1745405759120 0.07828653630702313 207
1745405759156 0.07799849558571052 208
1745405759193 0.07783498154021576 209
1745405759235 0.07778220089804666 210
1745405759278 0.07766392145632382 211
1745405759321 0.07749000696122736 212
1745405759367 0.07733051823112173 213
1745405759408 0.07720443730765518 214
1745405759448 0.07697764666140938 215
1745405759488 0.07679966537737926 216
1745405759527 0.07649617001158647 217
1745405759575 0.07612498728769368 218
1745405759618 0.07587730240321267 219
1745405759661 0.07576855431291449 220
1745405759702 0.07559129661486458 221
1745405759737 0.07558670859719809 222
1745405759777 0.07531486523029014 223
1745405759817 0.07505142748996298 224
1745405759858 0.0748156557467165 225
1745405759896 0.07473478030880883 226
1745405759938 0.0744834301926016 227
1745405759980 0.07430132635008033 228
1745405760022 0.07411983952832946 229
1745405760069 0.07394590076232994 230
1745405760114 0.07383906407953228 231
1745405760152 0.07378478989619063 232
1745405760196 0.07363582291688393 233
1745405760241 0.07349915611986299 234
1745405760286 0.07336980925132966 235
1745405760338 0.07321242455633835 236
1745405760387 0.07305902498701668 237
1745405760435 0.07288488794438143 238
1745405760482 0.07281998874260519 239
1745405760523 0.07263040599151212 240
1745405760572 0.07244564662475193 241
1745405760620 0.07217746516306225 242
1745405760665 0.07196824045015157 243
1745405760726 0.07181696734815649 244
1745405760775 0.07152815126094318 245
1745405760813 0.07131057699514708 246
1745405760850 0.07123334187728472 247
1745405760898 0.07116517619256205 248
1745405760934 0.07116130819390978 249
1745405760973 0.07104348475729061 250
1745405761014 0.07095077735733733 251
1745405761060 0.07083437680205765 252
1745405761107 0.0707172619005712 253
1745405761148 0.07056709409300253 254
1745405761195 0.07040842257633544 255
1745405761237 0.07039408114547954 256
1745405761288 0.07023718183931868 257
1745405761325 0.07013299527017142 258
1745405761367 0.07003801063003207 259
1745405761415 0.06973905969666536 260
1745405761455 0.06961409547289527 261
1745405761499 0.06937617574742694 262
1745405761540 0.06913949553013285 263
1745405761578 0.06904247995003164 264
1745405761622 0.06883819951185594 265
1745405761664 0.06858596489592261 266
1745405761713 0.0682786201619649 267
1745405761756 0.06835957219647572 268
1745405761802 0.06807607445395074 269
1745405761850 0.0678466576290408 270
1745405761891 0.06776484029015387 271
1745405761936 0.0673770493648185 272
1745405761974 0.06723090360427687 273
1745405762019 0.06697364687214004 274
1745405762073 0.06684167324209883 275
1745405762122 0.06666858414553935 276
1745405762167 0.06648191343821536 277
1745405762205 0.06633999369035784 278
1745405762253 0.06619423301215263 279
1745405762298 0.0658060146179597 280
1745405762340 0.06571848410983858 281
1745405762377 0.06560942642150772 282
1745405762426 0.06543800129898905 283
1745405762482 0.06533897824600048 284
1745405762518 0.06524312426354974 285
1745405762557 0.06506202041053805 286
1745405762603 0.0648181692968297 287
1745405762644 0.06447135265755728 288
1745405762686 0.06437575907872449 289
1745405762722 0.06429062882171407 290
1745405762770 0.06406766953229005 291
1745405762814 0.06392458449681854 292
1745405762860 0.06374399045431015 293
1745405762901 0.06351913339945874 294
1745405762951 0.06335094276094196 295
1745405762996 0.06324369898883425 296
1745405763043 0.06319139376770239 297
1745405763096 0.06301732453676764 298
1745405763136 0.06291266651402809 299
1745405763173 0.06287141543638894 300
1745405763215 0.06275639279847697 301
1745405763260 0.06258439155858271 302
1745405763306 0.06244346685035544 303
1745405763350 0.06231512417966236 304
1745405763383 0.06223992565498094 305
1745405763434 0.06205079886772617 306
1745405763471 0.06196433578289589 307
1745405763506 0.06180936779936989 308
1745405763550 0.06167367449132435 309
1745405763587 0.0615726746875435 310
1745405763635 0.06141714904261802 311
1745405763674 0.06123584771636918 312
1745405763718 0.06113675125616752 313
1745405763768 0.06096419287377412 314
1745405763815 0.06077470286416553 315
1745405763860 0.06064365354294029 316
1745405763903 0.06053940098480567 317
1745405763943 0.06042493638546915 318
1745405763987 0.06030838447633385 319
1745405764032 0.0602076677437055 320
1745405764085 0.06012257858776929 321
1745405764123 0.06004443306217185 322
1745405764168 0.05989164322298039 323
1745405764214 0.0598006619046507 324
1745405764254 0.05970261177701889 325
1745405764296 0.05952509854588573 326
1745405764347 0.05938532251668797 327
1745405764395 0.05923214872261809 328
1745405764439 0.05912737814226609 329
1745405764477 0.05896789188115265 330
1745405764516 0.05879264350837635 331
1745405764553 0.05870784318603619 332
1745405764597 0.05853719519610054 333
1745405764645 0.05833080820134563 334
1745405764693 0.05810356992827247 335
1745405764730 0.0579571478284159 336
1745405764774 0.05784668796811545 337
1745405764823 0.05769085263569586 338
1745405764866 0.05751298361726919 339
1745405764911 0.05741177221599372 340
1745405764951 0.05737488595168981 341
1745405764995 0.05732064138177657 342
1745405765048 0.05712112594458039 343
1745405765086 0.05708510404774898 344
1745405765135 0.05696089466382871 345
1745405765176 0.05681243443840584 346
1745405765215 0.05680383071769565 347
1745405765263 0.05665677897461679 348
1745405765300 0.0565890741206209 349
1745405765340 0.05647584018264491 350
1745405765384 0.0563535049114495 351
1745405765429 0.05619230684122701 352
1745405765477 0.05607913184808224 353
1745405765518 0.05598445423583809 354
1745405765559 0.05578062276526206 355
1745405765606 0.0556863013382904 356
1745405765641 0.05555849854445482 357
1745405765685 0.05539283249681917 358
1745405765732 0.05528011390326403 359
1745405765773 0.0552135425424504 360
1745405765819 0.0550611423860046 361
1745405765860 0.05497656459752245 362
1745405765878 0.05784668796811545 363
