1745405238802 0.6386161900871377 0
1745405238856 0.6196373070171428 1
1745405238911 0.602011132710075 2
1745405238966 0.5841817430392994 3
1745405239019 0.5678958151689223 4
1745405239079 0.5517063296119492 5
1745405239134 0.5366963461825771 6
1745405239184 0.5219354477685757 7
1745405239236 0.5075420423926741 8
1745405239289 0.4942493954389326 9
1745405239343 0.48461526159301976 10
1745405239396 0.4718515385662238 11
1745405239448 0.4593984431002683 12
1745405239500 0.4477111370854398 13
1745405239553 0.43645514321934464 14
1745405239614 0.42830914169720924 15
1745405239670 0.4183878488211852 16
1745405239723 0.40867310585878575 17
1745405239778 0.3993941473168691 18
1745405239829 0.3919621428713185 19
1745405239881 0.3832753612678469 20
1745405239933 0.37482496386892994 21
1745405239988 0.3666670590812821 22
1745405240046 0.35861981352333233 23
1745405240103 0.35145711382209793 24
1745405240157 0.34447176753524833 25
1745405240210 0.33919071468405354 26
1745405240263 0.33230644534607184 27
1745405240315 0.32586653390536535 28
1745405240366 0.3198241401536578 29
1745405240415 0.314436818644572 30
1745405240466 0.3089916780644448 31
1745405240516 0.30362124696475357 32
1745405240567 0.29861875556234735 33
1745405240627 0.2940809454508051 34
1745405240681 0.28963291631259297 35
1745405240728 0.28577722589910143 36
1745405240780 0.2818623901081384 37
1745405240834 0.27802032929356624 38
1745405240885 0.27374538996869024 39
1745405240936 0.27019356663346383 40
1745405240985 0.2666779014827771 41
1745405241043 0.26377526843060284 42
1745405241094 0.2606925629165157 43
1745405241147 0.25692117717301455 44
1745405241210 0.25395391292480435 45
1745405241258 0.25124490558720247 46
1745405241304 0.24883431123723343 47
1745405241354 0.24608588961906927 48
1745405241399 0.24315059100127778 49
1745405241447 0.24089435354079855 50
1745405241492 0.23844850034112852 51
1745405241541 0.23592462544499918 52
1745405241598 0.23365847140475754 53
1745405241647 0.23193317163971908 54
1745405241691 0.2296233101856045 55
1745405241743 0.2274734513843892 56
1745405241792 0.22542595198702572 57
1745405241837 0.22295497864877709 58
1745405241883 0.22068686885944827 59
1745405241933 0.21926548279767683 60
1745405241982 0.2179715732732802 61
1745405242038 0.21583595985296591 62
1745405242088 0.21453968353683536 63
1745405242135 0.21334068021862396 64
1745405242178 0.2122745155140658 65
1745405242228 0.21096889283549058 66
1745405242276 0.20935428271538423 67
1745405242330 0.20777487468121977 68
1745405242375 0.20654927914145846 69
1745405242430 0.20486145657832977 70
1745405242501 0.2038422077399933 71
1745405242547 0.2024445582795426 72
1745405242588 0.20148883033383375 73
1745405242639 0.2004981887083183 74
1745405242683 0.1998011532619045 75
1745405242727 0.19864896150596834 76
1745405242776 0.19709755541637755 77
1745405242825 0.1959045648044474 78
1745405242871 0.19517912547167915 79
1745405242933 0.19385753264893985 80
1745405242979 0.19265302582290014 81
1745405243030 0.1914603901512026 82
1745405243086 0.19051092771714428 83
1745405243132 0.18974803644547936 84
1745405243181 0.18902195877654332 85
1745405243232 0.18797906227602412 86
1745405243272 0.18701437339127058 87
1745405243318 0.18642526491552244 88
1745405243369 0.18533878305502013 89
1745405243417 0.1841718375942129 90
1745405243462 0.18333035094585703 91
1745405243499 0.18247804957549643 92
1745405243539 0.18218751745183254 93
1745405243587 0.1809951230285166 94
1745405243640 0.18022336346539167 95
1745405243683 0.17945585298790573 96
1745405243724 0.1785858940983491 97
1745405243761 0.17786221947513872 98
1745405243802 0.1773250503640919 99
1745405243852 0.17642619080074917 100
1745405243898 0.17581364510688588 101
1745405243936 0.17538124769828006 102
1745405243985 0.1747238641663206 103
1745405244028 0.17400876164152365 104
1745405244085 0.17294585432456883 105
1745405244128 0.17226245149652403 106
1745405244168 0.17180616354634096 107
1745405244203 0.17137848602579345 108
1745405244247 0.17051568849078116 109
1745405244284 0.16993995379199356 110
1745405244321 0.16952866297243196 111
1745405244368 0.16878442220197942 112
1745405244405 0.16848887502654067 113
1745405244450 0.16787228319819789 114
1745405244492 0.16741767270890145 115
1745405244535 0.16667053236226487 116
1745405244574 0.16617983914829418 117
1745405244611 0.1657408341061958 118
1745405244656 0.1652884769926971 119
1745405244703 0.16467736914306708 120
1745405244739 0.16426362835331482 121
1745405244780 0.16353887069659237 122
1745405244819 0.16317209313074046 123
1745405244858 0.1628807840600176 124
1745405244901 0.16225927002033189 125
1745405244939 0.16189610281134317 126
1745405244977 0.16154474639110816 127
1745405245022 0.16098209623076182 128
1745405245066 0.1606103154742789 129
1745405245114 0.1598483173427803 130
1745405245157 0.15926954230063828 131
1745405245205 0.15876974988850615 132
1745405245246 0.1582948786507378 133
1745405245337 0.15757648388613826 134
1745405245405 0.1567533250652135 135
1745405245445 0.15637959639100388 136
1745405245480 0.15612521721031883 137
1745405245527 0.1556405868483313 138
1745405245562 0.15527978249081903 139
1745405245600 0.15498654160225037 140
1745405245653 0.15442352584951713 141
1745405245699 0.15395657815279004 142
1745405245735 0.1537554600357448 143
1745405245776 0.1533457401340677 144
1745405245813 0.15312109396490217 145
1745405245850 0.15289383209998014 146
1745405245891 0.15242567040790914 147
1745405245930 0.15209974074996954 148
1745405245976 0.15175238171572472 149
1745405246019 0.15137153433449269 150
1745405246072 0.15103089858297392 151
1745405246112 0.15066140586016188 152
1745405246154 0.1502198578037327 153
1745405246203 0.14961365136040686 154
1745405246250 0.14908076337275591 155
1745405246289 0.14874320598404903 156
1745405246334 0.14824382001386227 157
1745405246383 0.14774025248053713 158
1745405246425 0.1472549313607467 159
1745405246461 0.1470224045046427 160
1745405246508 0.146729461580881 161
1745405246548 0.14635424739820782 162
1745405246585 0.1462032847760734 163
1745405246621 0.1459731039283362 164
1745405246671 0.14576363392693223 165
1745405246709 0.14564080537157323 166
1745405246754 0.14543001982797737 167
1745405246800 0.14498422832136118 168
1745405246833 0.144841810059682 169
1745405246871 0.14464389209752676 170
1745405246915 0.14430273627598608 171
1745405246950 0.14403558969166205 172
1745405246991 0.14389547397862443 173
1745405247039 0.1435844691903019 174
1745405247075 0.14342207020022607 175
1745405247120 0.14283913290985922 176
1745405247163 0.14247520386536164 177
1745405247206 0.14216306409358084 178
1745405247242 0.1419816504731022 179
1745405247280 0.14179884259019235 180
1745405247323 0.1414522593426211 181
1745405247365 0.14117344859063005 182
1745405247410 0.1409432973348201 183
1745405247454 0.14081641889941396 184
1745405247503 0.14051596337664035 185
1745405247546 0.1403835455985955 186
1745405247593 0.13999885784022503 187
1745405247640 0.13981952148048515 188
1745405247683 0.13971045838500384 189
1745405247722 0.13927754759843924 190
1745405247763 0.13918914801955654 191
1745405247805 0.13892512108718844 192
1745405247847 0.13876885945458065 193
1745405247896 0.13853821667632138 194
1745405247931 0.13844784686709477 195
1745405247978 0.13827936641316504 196
1745405248026 0.13797684694861315 197
1745405248079 0.13774806995045827 198
1745405248122 0.13748832997537017 199
1745405248133 0.13748832997537017 200
