1745405622650 0.6015232237055802 0
1745405622993 0.4921143718498788 1
1745405623372 0.40502890193663066 2
1745405623738 0.33610239893564964 3
1745405624069 0.28156800266037685 4
1745405624419 0.23596581575167688 5
1745405624788 0.20042007829754155 6
1745405625147 0.17218763907565754 7
1745405625463 0.15008240742535053 8
1745405625799 0.13182898815855765 9
1745405626089 0.11739429082138929 10
1745405626402 0.10604217007109148 11
1745405626719 0.09622388951191431 12
1745405627089 0.08780387197059585 13
1745405627418 0.08077405262635613 14
1745405627733 0.0755996566553832 15
1745405627972 0.07113604498482518 16
1745405628255 0.06718011291598797 17
1745405628512 0.06385700632682016 18
1745405628828 0.05984894971931087 19
1745405629082 0.05760569842208218 20
1745405629334 0.05485641276667993 21
1745405629630 0.05175500505020805 22
1745405629949 0.04955904928235404 23
1745405630166 0.04821257342914388 24
1745405630421 0.04602898547783533 25
1745405630664 0.04454342317956554 26
1745405630950 0.04339591742909697 27
1745405631218 0.04175549863406075 28
1745405631471 0.04081894474257589 29
1745405631712 0.0398262666306869 30
1745405631973 0.03839938836160427 31
1745405632227 0.03737991278281494 32
1745405632498 0.0364665245542939 33
1745405632729 0.03570054924279733 34
1745405632920 0.03492350209450863 35
1745405633126 0.03436147510079564 36
1745405633386 0.03327450353894044 37
1745405633703 0.0321980718118446 38
1745405633895 0.0315301642764728 39
1745405634191 0.03058155671606821 40
1745405634454 0.02994591328845169 41
1745405634688 0.02896695985139553 42
1745405634858 0.02850699773763131 43
1745405635131 0.02788045122962341 44
1745405635417 0.02702281628674995 45
1745405635672 0.02623057445309883 46
1745405635914 0.02560131608855402 47
1745405636215 0.02448912132755484 48
1745405636451 0.02385771520891641 49
1745405636681 0.02345315551007326 50
1745405636916 0.02291557044257444 51
1745405637167 0.02232431516365052 52
1745405637392 0.02188411395245876 53
1745405637609 0.02146215900354888 54
1745405637887 0.02084487810698317 55
1745405638151 0.02047125059811723 56
1745405638423 0.0199511276369486 57
1745405638730 0.01941601733493914 58
1745405638925 0.01920746764659756 59
1745405639147 0.01894240706969285 60
1745405639195 0.03492350209450863 61
